trial,mean,ci_down,ci_up
0.0,102.03,100.72,103.34
5.0,100.56,99.29,101.83
10.0,98.80,97.49,100.10
15.0,97.72,96.38,99.06
20.0,95.99,94.70,97.29
25.0,95.88,94.69,97.07
30.0,95.95,94.60,97.30
35.0,94.13,92.89,95.38
40.0,94.39,93.09,95.69
45.0,93.08,91.84,94.32
50.0,92.49,91.21,93.78
55.0,92.62,91.31,93.94
60.0,90.15,88.98,91.33
65.0,91.56,90.11,93.01
70.0,90.50,89.12,91.87
75.0,89.86,88.63,91.09
80.0,89.88,88.59,91.16
85.0,89.35,87.99,90.72
90.0,89.25,87.88,90.62
95.0,88.94,87.56,90.33
100.0,88.55,87.21,89.89
105.0,88.39,87.07,89.71
110.0,88.46,87.09,89.82
115.0,88.27,86.82,89.71
120.0,87.80,86.47,89.13
125.0,87.19,85.94,88.44
130.0,87.11,85.69,88.53
135.0,86.56,85.12,88.00
140.0,87.06,85.71,88.41
145.0,86.46,85.06,87.86
150.0,87.22,85.72,88.72
155.0,86.21,84.79,87.63
160.0,85.81,84.45,87.17
165.0,85.14,83.70,86.58
170.0,85.99,84.60,87.38
175.0,86.02,84.73,87.32
180.0,85.29,84.01,86.57
185.0,85.11,83.85,86.37
190.0,85.44,84.03,86.84
195.0,85.10,83.76,86.43
200.0,84.70,83.35,86.05
205.0,85.12,83.70,86.54
210.0,84.21,82.82,85.59
215.0,83.94,82.68,85.19
220.0,84.69,83.29,86.09
225.0,83.77,82.38,85.16
230.0,84.04,82.64,85.44
235.0,83.98,82.50,85.47
240.0,84.38,82.88,85.87
245.0,83.52,82.13,84.91
250.0,83.44,82.02,84.85
255.0,82.75,81.43,84.06
260.0,83.15,81.91,84.39
265.0,84.31,82.99,85.63
270.0,84.25,82.85,85.65
275.0,83.75,82.50,85.00
280.0,83.12,81.74,84.49
285.0,83.30,81.91,84.69
290.0,83.03,81.70,84.37
295.0,83.70,82.34,85.06
300.0,83.22,81.80,84.64
305.0,83.49,81.98,85.00
310.0,83.86,82.46,85.26
315.0,83.00,81.69,84.30
320.0,83.45,82.02,84.89
325.0,83.67,82.18,85.16
330.0,82.83,81.43,84.24
335.0,82.58,81.15,84.00
340.0,82.90,81.52,84.28
345.0,83.09,81.75,84.42
350.0,82.69,81.21,84.18
355.0,82.88,81.31,84.45
360.0,81.91,80.40,83.41
365.0,82.25,80.90,83.60
370.0,82.80,81.41,84.19
375.0,82.05,80.63,83.48
380.0,81.72,80.41,83.03
385.0,82.22,80.89,83.56
390.0,82.23,80.92,83.54
395.0,83.02,81.60,84.44
400.0,82.60,81.25,83.95
405.0,82.36,81.06,83.65
410.0,82.33,80.94,83.72
415.0,81.34,79.89,82.78
420.0,82.23,80.90,83.57
425.0,82.87,81.57,84.17
430.0,81.31,80.04,82.58
435.0,81.95,80.54,83.37
440.0,82.06,80.60,83.52
445.0,81.78,80.47,83.10
450.0,81.17,79.85,82.49
455.0,82.34,80.93,83.76
460.0,81.87,80.43,83.31
465.0,81.42,79.93,82.92
470.0,81.98,80.53,83.43
475.0,81.28,79.70,82.87
480.0,81.51,80.11,82.91
485.0,80.84,79.46,82.22
490.0,81.64,80.30,82.99
495.0,81.47,79.93,83.01
500.0,80.91,79.50,82.32
505.0,80.49,79.15,81.83
510.0,82.10,80.69,83.50
515.0,81.11,79.72,82.51
520.0,81.56,80.22,82.90
525.0,81.97,80.52,83.41
530.0,81.49,80.15,82.83
535.0,81.08,79.70,82.45
540.0,79.96,78.68,81.23
545.0,80.48,79.13,81.82
550.0,80.37,79.05,81.68
555.0,80.69,79.32,82.07
560.0,79.63,78.32,80.94
565.0,80.55,79.15,81.96
570.0,80.77,79.43,82.11
575.0,79.47,78.19,80.75
580.0,79.71,78.41,81.00
585.0,79.93,78.54,81.31
590.0,80.79,79.37,82.21
595.0,80.11,78.72,81.49
600.0,80.64,79.26,82.02
605.0,80.46,79.07,81.85
610.0,80.16,78.82,81.49
615.0,79.56,78.16,80.96
620.0,80.70,79.30,82.10
625.0,78.83,77.43,80.22
630.0,79.54,78.18,80.90
635.0,79.20,77.86,80.54
640.0,79.63,78.29,80.97
645.0,79.82,78.49,81.15
650.0,78.40,77.11,79.69
655.0,79.39,78.12,80.65
660.0,78.71,77.44,79.97
665.0,78.53,77.18,79.89
670.0,78.99,77.69,80.30
675.0,78.82,77.50,80.14
680.0,78.77,77.48,80.06
685.0,78.60,77.35,79.84
690.0,78.95,77.66,80.23
695.0,78.73,77.28,80.18
700.0,78.44,77.17,79.71
705.0,78.61,77.28,79.95
710.0,79.48,78.13,80.84
715.0,78.78,77.53,80.03
720.0,77.55,76.33,78.76
725.0,77.91,76.74,79.09
730.0,78.20,76.79,79.61
735.0,78.65,77.36,79.95
740.0,78.16,76.90,79.43
745.0,78.08,76.72,79.44
750.0,78.03,76.74,79.33
755.0,78.07,76.84,79.31
760.0,77.89,76.58,79.21
765.0,77.35,76.10,78.60
770.0,77.14,75.92,78.36
775.0,77.74,76.48,79.01
780.0,77.90,76.59,79.21
785.0,77.55,76.24,78.86
790.0,77.92,76.62,79.22
795.0,77.73,76.34,79.12
800.0,78.04,76.68,79.39
805.0,76.97,75.75,78.18
810.0,77.74,76.56,78.91
815.0,77.87,76.55,79.19
820.0,77.37,76.07,78.68
825.0,77.45,76.22,78.68
830.0,77.00,75.72,78.28
835.0,77.22,75.95,78.48
840.0,77.67,76.43,78.90
845.0,76.64,75.42,77.86
850.0,77.77,76.51,79.03
855.0,78.18,76.80,79.57
860.0,77.87,76.59,79.15
865.0,77.70,76.32,79.08
870.0,76.73,75.38,78.08
875.0,77.00,75.75,78.24
880.0,77.06,75.76,78.36
885.0,76.56,75.38,77.73
890.0,77.14,75.83,78.44
895.0,76.46,75.09,77.84
900.0,76.90,75.60,78.20
905.0,76.48,75.25,77.71
910.0,76.91,75.60,78.22
915.0,76.66,75.29,78.03
920.0,76.23,74.94,77.51
925.0,76.23,75.02,77.44
930.0,76.59,75.35,77.83
935.0,76.62,75.34,77.91
940.0,76.81,75.59,78.02
945.0,75.97,74.74,77.20
950.0,76.62,75.31,77.93
955.0,76.73,75.38,78.07
960.0,76.35,75.10,77.61
965.0,76.41,75.27,77.55
970.0,76.59,75.34,77.83
975.0,76.34,75.10,77.59
980.0,75.56,74.36,76.76
985.0,76.09,74.92,77.27
990.0,76.15,74.82,77.48
995.0,75.95,74.66,77.24
1000.0,75.63,74.35,76.91
