trial,mean,ci_down,ci_up
0.0,0.00,0.00,0.00
5.0,518.78,491.15,546.42
10.0,1015.89,979.04,1052.74
15.0,1478.91,1433.56,1524.26
20.0,1939.32,1887.43,1991.20
25.0,2398.28,2338.80,2457.75
30.0,2845.06,2781.41,2908.70
35.0,3273.71,3205.20,3342.22
40.0,3706.06,3636.54,3775.58
45.0,4134.85,4059.40,4210.30
50.0,4560.77,4480.87,4640.67
55.0,4986.50,4902.91,5070.09
60.0,5376.94,5288.76,5465.13
65.0,5759.18,5668.72,5849.64
70.0,6183.49,6089.76,6277.22
75.0,6585.62,6489.91,6681.33
80.0,6977.19,6878.73,7075.65
85.0,7366.88,7265.30,7468.46
90.0,7755.10,7653.16,7857.04
95.0,8128.72,8026.16,8231.28
100.0,8506.51,8400.92,8612.10
105.0,8881.30,8773.74,8988.86
110.0,9248.22,9139.24,9357.20
115.0,9607.74,9494.83,9720.65
120.0,9962.67,9846.69,10078.64
125.0,10325.66,10205.27,10446.05
130.0,10665.80,10545.82,10785.78
135.0,11010.95,10889.01,11132.89
140.0,11363.03,11240.41,11485.65
145.0,11717.96,11592.39,11843.54
150.0,12074.31,11948.98,12199.65
155.0,12424.41,12297.04,12551.79
160.0,12755.06,12625.75,12884.37
165.0,13084.56,12954.16,13214.95
170.0,13410.61,13280.27,13540.95
175.0,13737.01,13605.44,13868.59
180.0,14065.03,13930.17,14199.89
185.0,14385.71,14248.55,14522.86
190.0,14697.79,14561.38,14834.20
195.0,15028.18,14892.09,15164.27
200.0,15365.23,15227.78,15502.68
205.0,15676.21,15540.64,15811.78
210.0,15991.46,15854.60,16128.32
215.0,16302.32,16167.76,16436.89
220.0,16609.60,16473.98,16745.22
225.0,16904.74,16767.62,17041.86
230.0,17209.03,17071.85,17346.21
235.0,17508.94,17372.55,17645.34
240.0,17794.01,17655.41,17932.62
245.0,18091.56,17952.14,18230.98
250.0,18387.17,18246.48,18527.86
255.0,18685.14,18543.66,18826.62
260.0,18964.44,18820.74,19108.15
265.0,19259.13,19116.13,19402.13
270.0,19544.80,19402.30,19687.31
275.0,19828.75,19686.85,19970.66
280.0,20114.42,19973.39,20255.44
285.0,20392.12,20250.45,20533.80
290.0,20670.29,20529.23,20811.35
295.0,20945.76,20803.10,21088.42
300.0,21225.89,21082.32,21369.46
305.0,21503.44,21360.72,21646.16
310.0,21779.74,21636.06,21923.42
315.0,22057.04,21912.42,22201.66
320.0,22333.55,22186.83,22480.27
325.0,22597.68,22449.67,22745.68
330.0,22851.86,22703.76,22999.96
335.0,23111.35,22963.04,23259.65
340.0,23375.67,23227.58,23523.76
345.0,23636.34,23487.50,23785.19
350.0,23898.64,23749.02,24048.26
355.0,24157.73,24004.88,24310.58
360.0,24425.83,24272.09,24579.57
365.0,24694.85,24540.77,24848.94
370.0,24965.44,24808.41,25122.48
375.0,25238.22,25078.62,25397.81
380.0,25501.31,25340.45,25662.18
385.0,25758.11,25594.42,25921.81
390.0,26007.14,25842.10,26172.18
395.0,26250.61,26085.79,26415.43
400.0,26504.03,26338.79,26669.28
405.0,26755.78,26589.65,26921.92
410.0,27012.39,26845.88,27178.90
415.0,27276.46,27109.09,27443.84
420.0,27530.32,27360.97,27699.66
425.0,27777.54,27608.52,27946.56
430.0,28033.20,27863.96,28202.43
435.0,28288.74,28118.19,28459.28
440.0,28535.58,28365.19,28705.97
445.0,28780.04,28608.58,28951.50
450.0,29029.44,28858.62,29200.27
455.0,29288.24,29116.31,29460.17
460.0,29534.62,29361.78,29707.45
465.0,29779.88,29604.91,29954.84
470.0,30022.79,29845.89,30199.68
475.0,30267.72,30089.07,30446.37
480.0,30516.36,30336.06,30696.65
485.0,30762.61,30581.27,30943.95
490.0,31011.01,30828.83,31193.19
495.0,31266.62,31084.35,31448.89
500.0,31508.34,31324.90,31691.77
505.0,31746.82,31562.83,31930.81
510.0,31993.06,31807.93,32178.19
515.0,32241.55,32055.51,32427.59
520.0,32478.37,32292.33,32664.41
525.0,32725.78,32537.73,32913.82
530.0,32975.34,32786.81,33163.88
535.0,33218.90,33029.90,33407.91
540.0,33464.91,33274.94,33654.89
545.0,33704.90,33513.34,33896.46
550.0,33943.50,33752.30,34134.70
555.0,34187.21,33996.63,34377.78
560.0,34417.44,34225.88,34608.99
565.0,34659.54,34465.87,34853.22
570.0,34902.51,34707.94,35097.07
575.0,35136.10,34941.75,35330.45
580.0,35378.62,35181.31,35575.93
585.0,35626.74,35428.43,35825.04
590.0,35872.70,35673.80,36071.59
595.0,36103.70,35902.66,36304.74
600.0,36343.85,36142.42,36545.27
605.0,36573.59,36371.55,36775.62
610.0,36805.65,36602.11,37009.19
615.0,37039.46,36835.33,37243.59
620.0,37277.86,37072.64,37483.07
625.0,37518.19,37311.10,37725.29
630.0,37747.22,37539.86,37954.57
635.0,37982.55,37773.62,38191.49
640.0,38219.22,38010.31,38428.12
645.0,38459.67,38249.40,38669.94
650.0,38701.15,38488.84,38913.46
655.0,38938.25,38724.84,39151.66
660.0,39172.28,38958.01,39386.55
665.0,39401.54,39186.73,39616.35
670.0,39629.08,39412.86,39845.29
675.0,39852.17,39634.92,40069.42
680.0,40085.43,39866.43,40304.44
685.0,40323.92,40104.44,40543.39
690.0,40559.04,40340.35,40777.73
695.0,40789.85,40570.36,41009.34
700.0,41020.26,40801.04,41239.49
705.0,41249.57,41029.51,41469.64
710.0,41486.12,41264.53,41707.71
715.0,41716.71,41494.01,41939.41
720.0,41950.55,41728.52,42172.58
725.0,42187.34,41965.60,42409.09
730.0,42416.34,42194.77,42637.91
735.0,42643.94,42420.58,42867.30
740.0,42878.86,42654.31,43103.41
745.0,43108.76,42884.27,43333.26
750.0,43334.47,43108.46,43560.47
755.0,43566.22,43338.66,43793.78
760.0,43789.46,43561.07,44017.86
765.0,44018.92,43790.93,44246.92
770.0,44251.59,44023.92,44479.27
775.0,44481.11,44252.36,44709.86
780.0,44700.17,44470.41,44929.93
785.0,44925.95,44694.89,45157.01
790.0,45154.91,44922.98,45386.84
795.0,45378.98,45146.55,45611.42
800.0,45608.98,45376.55,45841.42
805.0,45837.39,45605.91,46068.87
810.0,46059.18,45827.32,46291.03
815.0,46287.53,46055.27,46519.79
820.0,46514.19,46280.84,46747.55
825.0,46739.26,46506.27,46972.24
830.0,46960.62,46726.85,47194.39
835.0,47194.48,46959.44,47429.52
840.0,47430.10,47194.28,47665.91
845.0,47650.39,47414.68,47886.11
850.0,47878.29,47641.30,48115.28
855.0,48098.53,47860.41,48336.65
860.0,48324.27,48086.68,48561.85
865.0,48553.12,48315.56,48790.67
870.0,48770.29,48530.48,49010.10
875.0,48995.81,48755.27,49236.36
880.0,49227.88,48986.54,49469.22
885.0,49454.82,49213.26,49696.38
890.0,49673.91,49433.03,49914.80
895.0,49903.60,49661.08,50146.12
900.0,50128.69,49886.78,50370.59
905.0,50355.71,50112.83,50598.60
910.0,50573.20,50330.08,50816.32
915.0,50792.39,50548.21,51036.57
920.0,51013.50,50769.17,51257.84
925.0,51240.74,50995.35,51486.14
930.0,51466.74,51220.42,51713.05
935.0,51700.55,51452.16,51948.94
940.0,51925.85,51675.61,52176.09
945.0,52154.88,51902.62,52407.15
950.0,52380.55,52127.78,52633.33
955.0,52609.96,52355.22,52864.69
960.0,52839.45,52584.10,53094.80
965.0,53064.54,52808.37,53320.71
970.0,53299.46,53042.72,53556.19
975.0,53511.64,53254.60,53768.68
980.0,53727.39,53468.88,53985.90
985.0,53945.70,53686.57,54204.82
990.0,54165.29,53907.08,54423.50
995.0,54389.00,54129.99,54648.00
1000.0,54607.36,54347.04,54867.67
