trial,mean,ci_down,ci_up
0.0,35.05,34.57,35.53
5.0,33.73,33.26,34.20
10.0,33.18,32.70,33.66
15.0,32.12,31.66,32.59
20.0,31.62,31.17,32.07
25.0,31.15,30.71,31.60
30.0,30.71,30.25,31.16
35.0,30.28,29.84,30.72
40.0,29.70,29.26,30.15
45.0,29.44,29.01,29.88
50.0,29.21,28.77,29.64
55.0,28.78,28.34,29.22
60.0,28.56,28.12,29.00
65.0,28.29,27.87,28.72
70.0,27.81,27.39,28.22
75.0,27.59,27.17,28.02
80.0,27.42,27.01,27.84
85.0,27.13,26.72,27.54
90.0,27.01,26.58,27.43
95.0,26.57,26.16,26.99
100.0,26.62,26.21,27.03
105.0,26.33,25.91,26.75
110.0,25.96,25.55,26.37
115.0,25.89,25.49,26.30
120.0,25.91,25.49,26.32
125.0,25.47,25.07,25.88
130.0,25.23,24.85,25.60
135.0,25.31,24.90,25.71
140.0,24.89,24.48,25.30
145.0,24.69,24.29,25.09
150.0,24.55,24.15,24.94
155.0,24.76,24.36,25.16
160.0,24.68,24.28,25.08
165.0,24.17,23.77,24.57
170.0,24.07,23.69,24.46
175.0,24.01,23.60,24.43
180.0,23.79,23.41,24.18
185.0,23.80,23.41,24.20
190.0,23.78,23.37,24.20
195.0,23.44,23.04,23.84
200.0,23.47,23.07,23.87
205.0,23.33,22.92,23.74
210.0,23.36,22.96,23.75
215.0,23.40,23.00,23.80
220.0,23.13,22.74,23.52
225.0,22.99,22.59,23.39
230.0,22.82,22.44,23.21
235.0,22.84,22.44,23.24
240.0,22.58,22.21,22.95
245.0,22.74,22.37,23.12
250.0,22.45,22.07,22.83
255.0,22.40,22.00,22.80
260.0,22.54,22.16,22.92
265.0,22.34,21.96,22.73
270.0,22.39,22.00,22.78
275.0,22.11,21.73,22.50
280.0,22.21,21.83,22.58
285.0,22.34,21.95,22.72
290.0,22.19,21.79,22.60
295.0,21.95,21.58,22.33
300.0,21.88,21.53,22.24
305.0,21.95,21.57,22.33
310.0,22.05,21.66,22.43
315.0,21.85,21.47,22.24
320.0,21.55,21.17,21.93
325.0,21.84,21.46,22.22
330.0,21.53,21.15,21.92
335.0,21.86,21.47,22.26
340.0,21.89,21.51,22.27
345.0,21.87,21.49,22.25
350.0,21.77,21.38,22.17
355.0,21.78,21.39,22.17
360.0,21.49,21.11,21.86
365.0,21.61,21.23,21.99
370.0,21.42,21.04,21.80
375.0,21.59,21.22,21.97
380.0,21.41,21.03,21.78
385.0,21.34,20.96,21.72
390.0,21.41,21.05,21.78
395.0,21.44,21.07,21.81
400.0,21.42,21.05,21.79
405.0,21.25,20.86,21.64
410.0,21.50,21.11,21.90
415.0,21.44,21.06,21.82
420.0,21.26,20.86,21.66
425.0,21.34,20.96,21.72
430.0,21.11,20.73,21.50
435.0,21.15,20.77,21.52
440.0,20.81,20.44,21.19
445.0,21.32,20.95,21.70
450.0,21.13,20.74,21.52
455.0,20.89,20.51,21.27
460.0,21.12,20.75,21.50
465.0,21.20,20.84,21.56
470.0,21.13,20.77,21.49
475.0,21.09,20.71,21.46
480.0,21.04,20.66,21.41
485.0,20.89,20.52,21.26
490.0,20.85,20.49,21.22
495.0,21.06,20.68,21.44
500.0,21.01,20.65,21.38
505.0,20.78,20.40,21.16
510.0,20.76,20.39,21.12
515.0,21.05,20.66,21.43
520.0,20.89,20.52,21.26
525.0,20.58,20.20,20.95
530.0,20.66,20.30,21.02
535.0,20.72,20.37,21.08
540.0,20.43,20.08,20.78
545.0,20.89,20.52,21.26
550.0,20.81,20.45,21.17
555.0,20.52,20.16,20.88
560.0,20.71,20.34,21.08
565.0,20.65,20.27,21.02
570.0,20.31,19.95,20.68
575.0,20.64,20.28,21.00
580.0,20.57,20.19,20.95
585.0,20.33,19.97,20.69
590.0,20.55,20.17,20.93
595.0,20.53,20.15,20.90
600.0,20.38,20.00,20.76
605.0,20.66,20.28,21.03
610.0,20.42,20.05,20.78
615.0,20.54,20.18,20.91
620.0,20.25,19.89,20.61
625.0,20.34,19.98,20.69
630.0,20.43,20.07,20.79
635.0,20.41,20.05,20.77
640.0,20.52,20.16,20.88
645.0,20.44,20.06,20.82
650.0,20.33,19.95,20.70
655.0,20.30,19.95,20.65
660.0,20.45,20.10,20.80
665.0,20.25,19.89,20.62
670.0,20.24,19.87,20.61
675.0,20.23,19.87,20.59
680.0,20.12,19.76,20.48
685.0,20.20,19.83,20.56
690.0,20.21,19.86,20.56
695.0,20.12,19.76,20.48
700.0,20.38,20.01,20.74
705.0,19.98,19.62,20.34
710.0,20.29,19.91,20.66
715.0,20.06,19.71,20.42
720.0,20.29,19.91,20.66
725.0,20.00,19.64,20.35
730.0,19.99,19.63,20.34
735.0,19.89,19.54,20.25
740.0,19.89,19.54,20.24
745.0,19.69,19.34,20.04
750.0,20.01,19.65,20.36
755.0,19.86,19.51,20.20
760.0,19.92,19.57,20.27
765.0,20.25,19.89,20.61
770.0,20.02,19.67,20.37
775.0,19.89,19.53,20.26
780.0,19.79,19.45,20.13
785.0,19.89,19.54,20.23
790.0,19.97,19.61,20.33
795.0,19.83,19.48,20.18
800.0,20.02,19.66,20.37
805.0,19.78,19.43,20.13
810.0,19.63,19.27,19.99
815.0,19.77,19.42,20.11
820.0,19.89,19.55,20.24
825.0,19.74,19.39,20.10
830.0,19.80,19.45,20.15
835.0,19.78,19.42,20.14
840.0,19.57,19.22,19.91
845.0,19.48,19.14,19.83
850.0,19.48,19.14,19.83
855.0,19.73,19.36,20.10
860.0,19.60,19.26,19.95
865.0,19.52,19.17,19.87
870.0,19.44,19.10,19.78
875.0,19.78,19.41,20.14
880.0,19.53,19.19,19.87
885.0,19.61,19.26,19.95
890.0,19.19,18.86,19.52
895.0,19.51,19.17,19.85
900.0,19.40,19.07,19.72
905.0,19.29,18.92,19.66
910.0,19.23,18.89,19.58
915.0,19.32,18.98,19.66
920.0,19.29,18.95,19.62
925.0,19.30,18.95,19.64
930.0,19.43,19.07,19.80
935.0,19.54,19.19,19.88
940.0,19.42,19.08,19.76
945.0,19.41,19.06,19.76
950.0,19.33,18.97,19.68
955.0,19.51,19.16,19.86
960.0,19.11,18.77,19.45
965.0,19.28,18.93,19.62
970.0,19.18,18.85,19.51
975.0,19.23,18.90,19.57
980.0,19.17,18.83,19.51
985.0,19.40,19.05,19.74
990.0,19.09,18.76,19.43
995.0,19.19,18.86,19.52
1000.0,19.24,18.89,19.58
