trial,mean,ci_down,ci_up
0.0,34.87,34.39,35.35
5.0,34.16,33.68,34.64
10.0,34.21,33.75,34.66
15.0,33.61,33.12,34.10
20.0,33.91,33.44,34.38
25.0,33.99,33.52,34.47
30.0,33.67,33.19,34.15
35.0,33.62,33.16,34.08
40.0,33.64,33.16,34.13
45.0,33.58,33.13,34.02
50.0,33.85,33.36,34.33
55.0,33.77,33.29,34.25
60.0,33.67,33.21,34.14
65.0,33.46,33.00,33.92
70.0,33.77,33.31,34.24
75.0,33.81,33.34,34.29
80.0,33.75,33.27,34.22
85.0,33.94,33.46,34.42
90.0,33.76,33.28,34.25
95.0,33.85,33.38,34.32
100.0,33.47,32.98,33.95
105.0,33.57,33.12,34.02
110.0,33.27,32.80,33.74
115.0,33.80,33.31,34.29
120.0,33.77,33.30,34.25
125.0,33.20,32.73,33.67
130.0,33.75,33.28,34.22
135.0,33.26,32.80,33.71
140.0,33.74,33.25,34.24
145.0,33.66,33.19,34.12
150.0,33.72,33.25,34.19
155.0,33.78,33.30,34.26
160.0,33.82,33.35,34.29
165.0,33.49,33.03,33.96
170.0,33.57,33.10,34.03
175.0,33.42,32.96,33.87
180.0,33.70,33.24,34.16
185.0,33.49,33.03,33.94
190.0,33.49,33.03,33.96
195.0,33.69,33.21,34.17
200.0,33.69,33.21,34.16
205.0,33.85,33.36,34.34
210.0,33.78,33.31,34.26
215.0,33.87,33.39,34.36
220.0,33.58,33.12,34.05
225.0,33.54,33.07,34.02
230.0,33.72,33.23,34.21
235.0,33.73,33.26,34.19
240.0,33.71,33.23,34.19
245.0,33.87,33.40,34.34
250.0,33.25,32.76,33.73
255.0,33.64,33.16,34.12
260.0,33.61,33.15,34.07
265.0,33.90,33.42,34.37
270.0,33.68,33.20,34.16
275.0,33.50,33.02,33.98
280.0,33.62,33.14,34.11
285.0,33.60,33.12,34.07
290.0,33.47,33.00,33.94
295.0,33.46,32.98,33.94
300.0,33.68,33.21,34.14
305.0,33.71,33.25,34.16
310.0,33.54,33.07,34.01
315.0,33.85,33.37,34.33
320.0,33.87,33.40,34.35
325.0,33.86,33.39,34.33
330.0,33.76,33.28,34.24
335.0,33.46,32.97,33.94
340.0,33.60,33.14,34.06
345.0,33.83,33.37,34.30
350.0,33.36,32.91,33.82
355.0,33.55,33.08,34.03
360.0,33.55,33.06,34.04
365.0,33.72,33.25,34.20
370.0,33.55,33.07,34.02
375.0,33.54,33.07,34.00
380.0,33.90,33.44,34.36
385.0,33.54,33.07,34.01
390.0,33.75,33.27,34.24
395.0,33.80,33.33,34.27
400.0,33.75,33.28,34.21
405.0,33.52,33.04,33.99
410.0,33.66,33.21,34.11
415.0,33.78,33.31,34.24
420.0,33.50,33.04,33.96
425.0,33.57,33.10,34.05
430.0,33.82,33.35,34.29
435.0,34.02,33.56,34.48
440.0,33.91,33.44,34.38
445.0,33.45,32.98,33.92
450.0,33.62,33.13,34.11
455.0,33.66,33.22,34.11
460.0,33.79,33.33,34.26
465.0,33.67,33.19,34.14
470.0,33.46,32.99,33.93
475.0,33.45,32.97,33.92
480.0,33.65,33.19,34.12
485.0,33.56,33.10,34.02
490.0,33.93,33.46,34.41
495.0,33.74,33.26,34.21
500.0,34.00,33.53,34.48
505.0,33.94,33.44,34.43
510.0,33.68,33.23,34.13
515.0,33.65,33.18,34.12
520.0,33.57,33.10,34.05
525.0,33.73,33.26,34.20
530.0,33.53,33.06,34.00
535.0,33.49,33.01,33.97
540.0,33.80,33.32,34.27
545.0,33.83,33.36,34.29
550.0,33.72,33.26,34.18
555.0,33.66,33.18,34.14
560.0,33.80,33.31,34.29
565.0,33.48,33.02,33.94
570.0,33.57,33.09,34.05
575.0,34.10,33.61,34.60
580.0,33.45,32.98,33.92
585.0,33.59,33.12,34.06
590.0,33.60,33.15,34.05
595.0,33.60,33.13,34.06
600.0,33.70,33.24,34.17
605.0,33.79,33.31,34.26
610.0,33.44,32.99,33.90
615.0,33.38,32.92,33.84
620.0,33.59,33.12,34.06
625.0,33.56,33.09,34.03
630.0,33.67,33.20,34.13
635.0,33.73,33.25,34.21
640.0,33.60,33.14,34.07
645.0,33.36,32.91,33.81
650.0,33.50,33.03,33.97
655.0,33.84,33.37,34.32
660.0,33.40,32.94,33.86
665.0,33.80,33.32,34.27
670.0,33.31,32.83,33.80
675.0,33.36,32.90,33.83
680.0,33.61,33.15,34.08
685.0,33.56,33.08,34.04
690.0,33.90,33.44,34.37
695.0,33.65,33.18,34.12
700.0,34.01,33.53,34.48
705.0,33.87,33.40,34.35
710.0,33.26,32.81,33.70
715.0,33.64,33.16,34.13
720.0,33.63,33.17,34.09
725.0,33.81,33.33,34.30
730.0,33.53,33.07,34.00
735.0,33.43,32.96,33.91
740.0,33.72,33.24,34.21
745.0,33.83,33.39,34.28
750.0,33.74,33.27,34.20
755.0,33.66,33.19,34.14
760.0,33.78,33.32,34.25
765.0,33.47,33.01,33.94
770.0,33.62,33.13,34.10
775.0,33.53,33.06,33.99
780.0,33.55,33.08,34.03
785.0,33.67,33.21,34.14
790.0,33.58,33.11,34.05
795.0,33.96,33.47,34.45
800.0,33.52,33.06,33.98
805.0,33.84,33.38,34.30
810.0,33.64,33.15,34.12
815.0,33.77,33.29,34.26
820.0,33.58,33.10,34.06
825.0,33.83,33.35,34.31
830.0,33.62,33.16,34.09
835.0,33.73,33.25,34.20
840.0,33.67,33.18,34.15
845.0,33.69,33.24,34.15
850.0,33.26,32.79,33.74
855.0,33.62,33.14,34.10
860.0,33.87,33.42,34.33
865.0,33.43,32.96,33.89
870.0,33.59,33.13,34.06
875.0,33.37,32.91,33.84
880.0,33.76,33.30,34.22
885.0,33.78,33.31,34.24
890.0,33.60,33.13,34.07
895.0,33.56,33.06,34.05
900.0,33.51,33.04,33.99
905.0,33.70,33.23,34.17
910.0,33.34,32.87,33.81
915.0,33.79,33.30,34.27
920.0,33.53,33.05,34.01
925.0,33.72,33.24,34.19
930.0,33.68,33.21,34.15
935.0,33.70,33.21,34.18
940.0,33.46,32.99,33.92
945.0,33.46,32.98,33.94
950.0,33.77,33.29,34.24
955.0,33.53,33.06,34.01
960.0,33.79,33.32,34.25
965.0,33.55,33.06,34.04
970.0,33.47,33.00,33.94
975.0,33.48,33.02,33.93
980.0,33.99,33.51,34.47
985.0,33.77,33.31,34.24
990.0,33.49,33.01,33.98
995.0,33.66,33.21,34.12
1000.0,33.53,33.06,34.01
