trial,mean,ci_down,ci_up
0.0,0.00,0.00,0.00
5.0,255.38,247.16,263.61
10.0,485.01,473.45,496.57
15.0,688.58,675.28,701.88
20.0,887.24,872.66,901.82
25.0,1078.63,1063.32,1093.95
30.0,1257.79,1241.10,1274.48
35.0,1427.04,1409.68,1444.39
40.0,1599.41,1581.20,1617.61
45.0,1762.57,1743.82,1781.32
50.0,1928.16,1908.81,1947.51
55.0,2088.55,2068.72,2108.38
60.0,2241.01,2220.71,2261.32
65.0,2393.57,2372.65,2414.49
70.0,2537.01,2515.74,2558.27
75.0,2678.05,2656.39,2699.71
80.0,2824.20,2802.39,2846.01
85.0,2966.10,2943.98,2988.22
90.0,3103.08,3080.55,3125.62
95.0,3241.09,3218.50,3263.68
100.0,3374.56,3351.10,3398.01
105.0,3505.48,3481.84,3529.13
110.0,3630.72,3606.67,3654.77
115.0,3748.80,3724.76,3772.84
120.0,3869.41,3845.18,3893.65
125.0,3991.83,3967.10,4016.56
130.0,4117.02,4091.87,4142.18
135.0,4233.83,4208.02,4259.64
140.0,4349.50,4323.56,4375.44
145.0,4467.03,4440.54,4493.52
150.0,4585.02,4558.02,4612.02
155.0,4702.00,4674.66,4729.35
160.0,4817.43,4789.58,4845.28
165.0,4936.03,4907.77,4964.28
170.0,5042.51,5013.96,5071.06
175.0,5157.41,5128.41,5186.41
180.0,5270.51,5240.99,5300.02
185.0,5382.26,5352.46,5412.06
190.0,5491.33,5461.30,5521.36
195.0,5599.74,5569.23,5630.25
200.0,5709.69,5679.18,5740.20
205.0,5821.60,5790.84,5852.36
210.0,5926.81,5895.68,5957.95
215.0,6030.21,5998.69,6061.74
220.0,6134.89,6103.13,6166.65
225.0,6245.21,6212.96,6277.46
230.0,6351.08,6318.39,6383.77
235.0,6453.50,6420.10,6486.89
240.0,6559.32,6525.41,6593.23
245.0,6659.97,6625.82,6694.12
250.0,6766.67,6731.86,6801.47
255.0,6872.99,6838.28,6907.70
260.0,6976.19,6940.84,7011.55
265.0,7077.29,7041.65,7112.93
270.0,7184.19,7148.16,7220.22
275.0,7286.00,7249.52,7322.49
280.0,7387.07,7350.22,7423.93
285.0,7488.33,7450.77,7525.90
290.0,7587.37,7549.65,7625.10
295.0,7684.60,7646.40,7722.79
300.0,7783.06,7744.44,7821.68
305.0,7880.76,7841.80,7919.72
310.0,7977.20,7937.69,8016.71
315.0,8076.73,8036.67,8116.78
320.0,8175.95,8135.73,8216.17
325.0,8273.74,8233.18,8314.30
330.0,8372.93,8332.12,8413.75
335.0,8471.17,8430.26,8512.08
340.0,8570.32,8528.95,8611.68
345.0,8665.71,8623.81,8707.61
350.0,8766.43,8724.22,8808.63
355.0,8860.87,8818.54,8903.21
360.0,8954.75,8911.99,8997.52
365.0,9052.72,9009.57,9095.87
370.0,9151.20,9107.51,9194.88
375.0,9242.48,9198.36,9286.61
380.0,9337.57,9292.99,9382.15
385.0,9433.55,9388.64,9478.47
390.0,9529.11,9484.00,9574.22
395.0,9626.43,9580.96,9671.90
400.0,9722.24,9676.51,9767.97
405.0,9812.52,9766.47,9858.58
410.0,9907.43,9861.38,9953.48
415.0,9998.62,9952.68,10044.55
420.0,10094.07,10047.86,10140.27
425.0,10188.57,10142.20,10234.93
430.0,10286.69,10240.00,10333.39
435.0,10379.31,10332.35,10426.28
440.0,10470.61,10423.22,10517.99
445.0,10561.01,10513.19,10608.84
450.0,10652.85,10604.69,10701.02
455.0,10743.18,10694.71,10791.65
460.0,10834.92,10786.06,10883.77
465.0,10926.01,10876.80,10975.21
470.0,11016.60,10966.95,11066.25
475.0,11109.94,11060.12,11159.77
480.0,11201.55,11151.35,11251.75
485.0,11292.87,11242.33,11343.41
490.0,11385.65,11334.66,11436.65
495.0,11474.30,11423.03,11525.58
500.0,11568.42,11516.53,11620.31
505.0,11655.99,11604.04,11707.94
510.0,11744.58,11692.57,11796.59
515.0,11835.53,11783.10,11887.96
520.0,11925.09,11872.33,11977.86
525.0,12012.51,11959.53,12065.48
530.0,12101.91,12048.63,12155.18
535.0,12191.41,12137.99,12244.83
540.0,12282.80,12228.80,12336.79
545.0,12369.28,12314.67,12423.88
550.0,12457.13,12402.33,12511.93
555.0,12549.43,12494.46,12604.40
560.0,12639.03,12584.01,12694.05
565.0,12728.52,12673.31,12783.73
570.0,12812.43,12757.12,12867.74
575.0,12899.44,12843.49,12955.39
580.0,12985.70,12929.38,13042.02
585.0,13073.61,13017.04,13130.17
590.0,13161.28,13104.26,13218.30
595.0,13252.84,13195.69,13310.00
600.0,13342.32,13285.14,13399.50
605.0,13428.56,13371.07,13486.06
610.0,13516.32,13458.61,13574.04
615.0,13603.85,13545.83,13661.86
620.0,13693.46,13635.00,13751.92
625.0,13776.69,13718.04,13835.34
630.0,13866.13,13807.26,13925.01
635.0,13956.36,13897.20,14015.52
640.0,14045.55,13986.13,14104.97
645.0,14134.41,14074.63,14194.20
650.0,14219.02,14159.12,14278.93
655.0,14308.37,14248.27,14368.48
660.0,14392.83,14332.26,14453.41
665.0,14482.02,14421.17,14542.86
670.0,14569.04,14507.77,14630.32
675.0,14651.95,14590.41,14713.50
680.0,14739.83,14677.87,14801.79
685.0,14823.78,14761.36,14886.20
690.0,14909.08,14846.30,14971.86
695.0,14997.07,14933.86,15060.28
700.0,15081.52,15018.05,15145.00
705.0,15169.19,15105.51,15232.87
710.0,15254.17,15190.34,15318.00
715.0,15340.34,15275.94,15404.74
720.0,15425.93,15361.32,15490.54
725.0,15511.78,15447.08,15576.48
730.0,15594.23,15529.15,15659.31
735.0,15677.62,15612.18,15743.07
740.0,15761.51,15695.84,15827.19
745.0,15849.49,15783.33,15915.65
750.0,15934.42,15867.79,16001.04
755.0,16017.95,15950.87,16085.03
760.0,16099.40,16032.16,16166.64
765.0,16185.51,16118.13,16252.88
770.0,16268.36,16200.77,16335.94
775.0,16349.98,16282.18,16417.78
780.0,16436.48,16368.45,16504.51
785.0,16519.74,16451.44,16588.05
790.0,16605.13,16536.43,16673.84
795.0,16685.10,16616.15,16754.05
800.0,16768.96,16699.68,16838.23
805.0,16848.38,16779.01,16917.75
810.0,16931.05,16861.40,17000.71
815.0,17014.14,16944.26,17084.03
820.0,17101.03,17030.90,17171.15
825.0,17184.57,17114.11,17255.03
830.0,17263.44,17192.92,17333.97
835.0,17347.13,17276.34,17417.93
840.0,17427.92,17356.72,17499.11
845.0,17507.06,17435.46,17578.67
850.0,17586.77,17514.80,17658.75
855.0,17668.76,17596.81,17740.71
860.0,17749.07,17676.79,17821.34
865.0,17830.79,17758.09,17903.48
870.0,17909.58,17836.62,17982.55
875.0,17991.87,17918.85,18064.88
880.0,18074.53,18001.04,18148.02
885.0,18156.66,18082.82,18230.49
890.0,18238.79,18164.58,18313.00
895.0,18319.70,18245.41,18393.99
900.0,18398.18,18323.48,18472.89
905.0,18480.23,18405.25,18555.21
910.0,18565.76,18490.45,18641.07
915.0,18648.24,18572.66,18723.82
920.0,18730.06,18653.79,18806.32
925.0,18806.87,18730.36,18883.37
930.0,18887.41,18810.69,18964.14
935.0,18968.20,18891.08,19045.33
940.0,19047.36,18970.16,19124.57
945.0,19128.25,19050.74,19205.75
950.0,19209.54,19131.93,19287.15
955.0,19289.96,19212.31,19367.60
960.0,19367.19,19289.33,19445.04
965.0,19446.62,19368.45,19524.79
970.0,19525.83,19447.63,19604.03
975.0,19605.45,19527.02,19683.88
980.0,19688.01,19609.53,19766.49
985.0,19769.09,19690.52,19847.65
990.0,19848.41,19769.40,19927.42
995.0,19925.32,19846.18,20004.45
1000.0,20005.82,19926.51,20085.13
