trial,mean,ci_down,ci_up
0.0,34.95,34.49,35.41
5.0,34.36,33.92,34.79
10.0,34.57,34.12,35.02
15.0,34.61,34.13,35.09
20.0,33.32,32.87,33.77
25.0,33.85,33.37,34.33
30.0,33.01,32.54,33.48
35.0,32.28,31.84,32.72
40.0,32.03,31.59,32.48
45.0,31.63,31.17,32.10
50.0,31.57,31.12,32.01
55.0,30.95,30.52,31.39
60.0,30.37,29.96,30.78
65.0,30.93,30.48,31.38
70.0,30.58,30.14,31.03
75.0,30.34,29.87,30.81
80.0,30.09,29.65,30.53
85.0,29.86,29.41,30.31
90.0,30.01,29.59,30.43
95.0,29.75,29.30,30.19
100.0,29.71,29.30,30.12
105.0,29.58,29.15,30.00
110.0,29.19,28.79,29.59
115.0,29.72,29.27,30.18
120.0,29.14,28.70,29.58
125.0,29.11,28.67,29.55
130.0,29.00,28.58,29.41
135.0,28.66,28.23,29.10
140.0,28.83,28.40,29.26
145.0,28.98,28.56,29.40
150.0,28.59,28.16,29.02
155.0,28.55,28.14,28.95
160.0,29.06,28.63,29.48
165.0,28.55,28.12,28.98
170.0,28.87,28.46,29.29
175.0,28.88,28.43,29.33
180.0,28.46,28.04,28.88
185.0,28.93,28.51,29.35
190.0,28.54,28.11,28.96
195.0,28.31,27.89,28.73
200.0,28.20,27.77,28.63
205.0,28.62,28.17,29.07
210.0,28.37,27.96,28.78
215.0,28.63,28.18,29.07
220.0,27.91,27.48,28.33
225.0,28.41,28.00,28.83
230.0,28.56,28.14,28.98
235.0,28.38,27.96,28.79
240.0,28.47,28.04,28.89
245.0,27.93,27.51,28.36
250.0,28.43,28.00,28.85
255.0,28.32,27.87,28.77
260.0,28.58,28.17,28.98
265.0,28.48,28.04,28.92
270.0,28.38,27.99,28.77
275.0,28.50,28.06,28.93
280.0,28.53,28.09,28.97
285.0,28.22,27.81,28.63
290.0,28.05,27.63,28.48
295.0,28.02,27.62,28.43
300.0,28.29,27.87,28.71
305.0,28.41,27.96,28.85
310.0,28.24,27.83,28.66
315.0,27.70,27.28,28.11
320.0,27.78,27.36,28.20
325.0,28.11,27.69,28.53
330.0,27.83,27.42,28.23
335.0,28.33,27.91,28.76
340.0,28.12,27.73,28.50
345.0,27.83,27.40,28.26
350.0,28.38,27.95,28.81
355.0,28.14,27.73,28.55
360.0,28.43,28.03,28.83
365.0,28.35,27.93,28.77
370.0,28.28,27.85,28.72
375.0,28.23,27.79,28.66
380.0,28.11,27.70,28.53
385.0,27.77,27.37,28.17
390.0,28.07,27.64,28.50
395.0,27.72,27.30,28.13
400.0,28.26,27.83,28.69
405.0,28.12,27.73,28.52
410.0,28.11,27.69,28.53
415.0,28.21,27.80,28.62
420.0,28.28,27.84,28.72
425.0,28.04,27.61,28.48
430.0,28.06,27.61,28.51
435.0,28.60,28.17,29.04
440.0,27.53,27.10,27.96
445.0,27.96,27.54,28.38
450.0,28.05,27.63,28.46
455.0,28.07,27.65,28.49
460.0,28.31,27.89,28.73
465.0,27.74,27.29,28.18
470.0,27.87,27.47,28.28
475.0,28.13,27.76,28.51
480.0,28.16,27.75,28.57
485.0,28.62,28.19,29.05
490.0,28.03,27.60,28.45
495.0,28.00,27.59,28.41
500.0,28.16,27.75,28.58
505.0,28.19,27.78,28.60
510.0,27.97,27.57,28.38
515.0,28.34,27.91,28.78
520.0,27.71,27.31,28.11
525.0,27.97,27.54,28.39
530.0,27.69,27.27,28.10
535.0,27.94,27.55,28.34
540.0,27.64,27.23,28.05
545.0,27.60,27.19,28.02
550.0,27.66,27.27,28.06
555.0,27.82,27.39,28.26
560.0,27.99,27.58,28.41
565.0,28.00,27.58,28.41
570.0,27.96,27.54,28.38
575.0,28.19,27.76,28.61
580.0,27.50,27.07,27.93
585.0,28.10,27.68,28.53
590.0,28.05,27.63,28.47
595.0,27.92,27.50,28.33
600.0,28.04,27.60,28.48
605.0,27.76,27.34,28.18
610.0,27.70,27.29,28.12
615.0,27.56,27.13,27.99
620.0,27.84,27.42,28.26
625.0,27.74,27.33,28.15
630.0,27.81,27.39,28.23
635.0,28.00,27.60,28.39
640.0,27.68,27.27,28.09
645.0,27.81,27.39,28.22
650.0,27.78,27.36,28.21
655.0,28.02,27.63,28.42
660.0,27.86,27.46,28.27
665.0,27.59,27.16,28.01
670.0,27.63,27.21,28.05
675.0,27.61,27.15,28.06
680.0,28.08,27.65,28.52
685.0,27.78,27.36,28.20
690.0,27.44,27.04,27.85
695.0,28.07,27.63,28.50
700.0,27.44,27.04,27.84
705.0,27.82,27.41,28.23
710.0,27.44,27.02,27.86
715.0,27.65,27.24,28.06
720.0,28.15,27.72,28.57
725.0,27.55,27.11,27.99
730.0,27.72,27.33,28.10
735.0,28.08,27.65,28.50
740.0,27.51,27.07,27.94
745.0,28.06,27.64,28.47
750.0,27.31,26.90,27.72
755.0,27.79,27.39,28.20
760.0,27.62,27.20,28.05
765.0,27.72,27.31,28.13
770.0,27.30,26.89,27.72
775.0,26.99,26.58,27.39
780.0,27.63,27.21,28.05
785.0,27.50,27.06,27.93
790.0,27.44,27.02,27.87
795.0,27.18,26.78,27.58
800.0,27.77,27.35,28.18
805.0,27.66,27.23,28.09
810.0,27.88,27.48,28.29
815.0,27.60,27.16,28.04
820.0,27.89,27.45,28.32
825.0,27.64,27.23,28.05
830.0,27.91,27.52,28.30
835.0,27.68,27.25,28.10
840.0,27.67,27.28,28.07
845.0,27.38,26.95,27.81
850.0,27.63,27.20,28.05
855.0,28.02,27.60,28.44
860.0,27.29,26.88,27.70
865.0,27.57,27.17,27.98
870.0,27.48,27.08,27.87
875.0,27.22,26.82,27.61
880.0,27.44,27.05,27.83
885.0,27.28,26.87,27.68
890.0,27.27,26.86,27.68
895.0,27.45,27.04,27.87
900.0,27.31,26.91,27.71
905.0,27.31,26.91,27.71
910.0,27.47,27.07,27.88
915.0,27.32,26.90,27.74
920.0,27.34,26.93,27.75
925.0,27.66,27.20,28.11
930.0,27.36,26.93,27.78
935.0,27.75,27.34,28.15
940.0,27.36,26.95,27.78
945.0,27.33,26.92,27.74
950.0,27.40,26.98,27.83
955.0,27.22,26.82,27.63
960.0,27.66,27.22,28.10
965.0,27.60,27.18,28.02
970.0,27.54,27.12,27.96
975.0,27.70,27.27,28.14
980.0,27.45,27.04,27.85
985.0,27.52,27.08,27.96
990.0,27.17,26.77,27.57
995.0,27.77,27.35,28.20
1000.0,27.63,27.22,28.03
