trial,mean,ci_down,ci_up
0.0,101.97,100.72,103.22
5.0,104.74,103.36,106.12
10.0,103.48,102.07,104.88
15.0,101.18,99.70,102.66
20.0,100.09,98.57,101.61
25.0,99.01,97.46,100.56
30.0,97.76,96.36,99.15
35.0,96.28,94.92,97.65
40.0,95.73,94.36,97.11
45.0,95.56,94.24,96.88
50.0,96.13,94.66,97.60
55.0,95.32,93.84,96.79
60.0,94.85,93.38,96.31
65.0,93.60,92.15,95.05
70.0,94.50,93.02,95.99
75.0,94.49,93.11,95.87
80.0,94.57,93.09,96.05
85.0,93.96,92.46,95.47
90.0,93.95,92.55,95.34
95.0,93.77,92.16,95.38
100.0,92.97,91.37,94.58
105.0,93.05,91.57,94.54
110.0,93.25,91.80,94.70
115.0,93.44,92.00,94.88
120.0,93.57,92.08,95.06
125.0,92.88,91.34,94.42
130.0,93.21,91.66,94.76
135.0,92.16,90.73,93.59
140.0,93.45,91.90,95.01
145.0,93.73,92.18,95.29
150.0,92.63,91.28,93.98
155.0,92.17,90.65,93.70
160.0,92.84,91.28,94.40
165.0,92.16,90.60,93.73
170.0,93.11,91.56,94.66
175.0,92.00,90.46,93.54
180.0,92.44,90.89,93.98
185.0,91.61,90.06,93.17
190.0,91.82,90.33,93.32
195.0,91.75,90.33,93.17
200.0,91.58,90.19,92.97
205.0,92.12,90.66,93.58
210.0,91.55,90.07,93.03
215.0,92.20,90.73,93.67
220.0,91.75,90.35,93.16
225.0,91.33,89.86,92.80
230.0,91.26,89.80,92.73
235.0,91.33,89.71,92.94
240.0,91.90,90.45,93.35
245.0,91.42,89.84,93.00
250.0,91.19,89.70,92.68
255.0,91.50,90.03,92.97
260.0,91.36,89.83,92.89
265.0,90.80,89.30,92.31
270.0,91.08,89.64,92.52
275.0,90.89,89.50,92.28
280.0,90.56,89.15,91.98
285.0,91.81,90.32,93.30
290.0,91.32,89.87,92.78
295.0,90.65,89.13,92.18
300.0,90.23,88.79,91.67
305.0,90.35,88.85,91.86
310.0,90.38,88.94,91.81
315.0,90.38,88.95,91.81
320.0,90.54,89.18,91.89
325.0,90.00,88.50,91.49
330.0,90.26,88.85,91.68
335.0,90.32,88.90,91.75
340.0,90.17,88.75,91.60
345.0,91.51,89.94,93.07
350.0,90.90,89.50,92.31
355.0,90.14,88.68,91.60
360.0,90.86,89.38,92.33
365.0,89.69,88.33,91.04
370.0,91.15,89.56,92.74
375.0,90.07,88.69,91.45
380.0,89.99,88.50,91.47
385.0,89.91,88.40,91.42
390.0,90.14,88.67,91.61
395.0,88.82,87.47,90.18
400.0,89.35,87.95,90.74
405.0,89.98,88.55,91.41
410.0,89.46,87.97,90.96
415.0,88.95,87.54,90.35
420.0,90.40,88.92,91.89
425.0,89.31,87.90,90.73
430.0,89.69,88.31,91.07
435.0,90.37,88.89,91.86
440.0,90.00,88.58,91.43
445.0,90.38,88.98,91.78
450.0,89.13,87.64,90.62
455.0,89.03,87.55,90.51
460.0,89.55,88.17,90.93
465.0,89.71,88.51,90.91
470.0,89.24,87.89,90.59
475.0,90.16,88.69,91.64
480.0,90.05,88.63,91.46
485.0,89.10,87.84,90.36
490.0,89.21,87.80,90.63
495.0,89.77,88.38,91.16
500.0,89.48,88.06,90.90
505.0,89.27,87.95,90.60
510.0,90.02,88.69,91.35
515.0,88.62,87.27,89.97
520.0,89.68,88.15,91.21
525.0,89.17,87.72,90.62
530.0,89.77,88.35,91.19
535.0,89.56,88.16,90.96
540.0,89.72,88.38,91.06
545.0,89.06,87.51,90.61
550.0,88.56,87.15,89.97
555.0,88.93,87.56,90.30
560.0,89.27,87.86,90.67
565.0,89.21,87.85,90.57
570.0,89.13,87.78,90.49
575.0,88.92,87.55,90.30
580.0,88.93,87.61,90.26
585.0,88.83,87.35,90.30
590.0,89.00,87.52,90.49
595.0,89.52,88.02,91.02
600.0,88.92,87.58,90.25
605.0,89.02,87.69,90.35
610.0,88.62,87.28,89.96
615.0,87.98,86.57,89.39
620.0,88.46,87.07,89.86
625.0,88.93,87.52,90.34
630.0,87.88,86.57,89.20
635.0,86.98,85.73,88.23
640.0,88.16,86.73,89.58
645.0,88.47,87.11,89.83
650.0,87.98,86.50,89.45
655.0,88.48,86.96,90.01
660.0,87.50,86.21,88.80
665.0,87.28,85.95,88.62
670.0,88.06,86.67,89.45
675.0,87.56,86.20,88.91
680.0,88.29,86.98,89.60
685.0,88.37,87.03,89.70
690.0,87.38,86.05,88.72
695.0,87.98,86.59,89.37
700.0,87.82,86.43,89.21
705.0,88.44,87.05,89.84
710.0,87.63,86.30,88.97
715.0,87.52,86.17,88.87
720.0,88.26,86.84,89.68
725.0,88.12,86.75,89.49
730.0,87.84,86.56,89.12
735.0,87.78,86.41,89.14
740.0,87.97,86.60,89.33
745.0,87.73,86.35,89.11
750.0,87.78,86.32,89.25
755.0,87.57,86.24,88.89
760.0,87.39,86.10,88.68
765.0,88.25,86.77,89.72
770.0,88.03,86.67,89.39
775.0,87.30,86.00,88.61
780.0,87.50,86.16,88.84
785.0,87.02,85.79,88.26
790.0,87.49,86.11,88.86
795.0,86.61,85.29,87.94
800.0,87.37,86.11,88.64
805.0,87.68,86.30,89.06
810.0,87.79,86.42,89.15
815.0,87.54,86.12,88.95
820.0,86.52,85.16,87.88
825.0,87.81,86.44,89.18
830.0,87.46,86.09,88.83
835.0,86.77,85.51,88.03
840.0,86.73,85.33,88.12
845.0,87.14,85.75,88.52
850.0,87.59,86.29,88.89
855.0,86.91,85.60,88.23
860.0,87.23,85.94,88.52
865.0,87.04,85.75,88.33
870.0,87.23,85.80,88.66
875.0,86.44,85.07,87.80
880.0,86.80,85.40,88.20
885.0,87.19,85.95,88.43
890.0,86.82,85.34,88.30
895.0,87.71,86.37,89.04
900.0,86.92,85.48,88.37
905.0,86.48,85.01,87.94
910.0,86.54,85.16,87.93
915.0,87.14,85.73,88.55
920.0,87.17,85.87,88.47
925.0,87.04,85.63,88.44
930.0,85.81,84.41,87.22
935.0,87.24,85.93,88.54
940.0,87.43,86.08,88.78
945.0,86.63,85.33,87.92
950.0,86.80,85.41,88.18
955.0,86.07,84.76,87.38
960.0,86.98,85.66,88.30
965.0,86.30,85.06,87.54
970.0,86.36,85.02,87.70
975.0,87.56,86.20,88.92
980.0,87.27,85.92,88.61
985.0,87.08,85.74,88.43
990.0,85.98,84.64,87.31
995.0,87.16,85.80,88.51
1000.0,86.50,85.17,87.82
1005.0,86.37,85.01,87.74
1010.0,87.57,86.13,89.01
1015.0,86.28,84.95,87.61
1020.0,86.94,85.52,88.36
1025.0,86.48,85.27,87.70
1030.0,86.65,85.32,87.98
1035.0,86.80,85.40,88.19
1040.0,85.94,84.63,87.25
1045.0,86.11,84.83,87.38
1050.0,85.52,84.30,86.74
1055.0,86.86,85.54,88.17
1060.0,86.21,84.79,87.62
1065.0,86.49,85.16,87.81
1070.0,86.49,85.25,87.72
1075.0,86.16,84.88,87.44
1080.0,86.11,84.76,87.46
1085.0,85.10,83.84,86.36
1090.0,85.54,84.26,86.83
1095.0,87.23,85.86,88.59
1100.0,85.73,84.39,87.07
1105.0,85.34,84.05,86.64
1110.0,86.52,85.23,87.80
1115.0,85.63,84.38,86.89
1120.0,86.38,85.06,87.69
1125.0,84.66,83.36,85.97
1130.0,86.32,84.92,87.71
1135.0,86.09,84.75,87.43
1140.0,85.31,84.02,86.60
1145.0,85.92,84.54,87.29
1150.0,84.99,83.73,86.26
1155.0,85.94,84.65,87.24
1160.0,85.99,84.62,87.36
1165.0,85.16,83.85,86.47
1170.0,85.29,84.06,86.52
1175.0,85.59,84.26,86.92
1180.0,85.62,84.25,87.00
1185.0,86.24,84.90,87.58
1190.0,85.39,84.00,86.79
1195.0,85.75,84.43,87.07
1200.0,85.82,84.49,87.15
1205.0,86.23,84.96,87.50
1210.0,85.74,84.50,86.99
1215.0,85.97,84.64,87.31
1220.0,85.74,84.46,87.01
1225.0,85.33,84.01,86.64
1230.0,85.45,84.11,86.79
1235.0,86.09,84.72,87.45
1240.0,85.85,84.56,87.15
1245.0,85.89,84.63,87.15
1250.0,85.79,84.39,87.19
1255.0,85.53,84.21,86.84
1260.0,85.70,84.43,86.97
1265.0,85.74,84.34,87.13
1270.0,86.31,84.94,87.68
1275.0,85.67,84.37,86.97
1280.0,85.08,83.66,86.51
1285.0,85.70,84.38,87.03
1290.0,85.95,84.60,87.31
1295.0,85.34,83.99,86.68
1300.0,85.07,83.77,86.38
1305.0,86.21,84.99,87.44
1310.0,85.57,84.25,86.89
1315.0,86.17,84.83,87.51
1320.0,86.06,84.74,87.38
1325.0,85.36,84.04,86.68
1330.0,85.68,84.37,86.99
1335.0,84.50,83.25,85.75
1340.0,85.13,83.81,86.44
1345.0,85.23,83.92,86.53
1350.0,85.31,84.04,86.59
1355.0,85.87,84.55,87.19
1360.0,85.40,84.08,86.72
1365.0,84.87,83.57,86.18
1370.0,86.07,84.76,87.38
1375.0,84.84,83.59,86.09
1380.0,85.73,84.47,86.99
1385.0,85.07,83.84,86.30
1390.0,84.84,83.60,86.07
1395.0,86.00,84.68,87.31
1400.0,85.51,84.13,86.88
1405.0,84.66,83.37,85.94
1410.0,84.94,83.59,86.29
1415.0,85.19,83.95,86.43
1420.0,84.67,83.31,86.04
1425.0,85.29,83.90,86.69
1430.0,84.73,83.31,86.15
1435.0,85.08,83.76,86.40
1440.0,84.87,83.65,86.09
1445.0,85.01,83.74,86.27
1450.0,85.27,83.79,86.75
1455.0,84.53,83.29,85.77
1460.0,85.36,84.03,86.69
1465.0,84.43,83.26,85.60
1470.0,85.18,83.86,86.51
1475.0,84.85,83.34,86.37
1480.0,84.95,83.69,86.20
1485.0,84.18,82.98,85.39
1490.0,84.96,83.60,86.32
1495.0,84.74,83.54,85.94
1500.0,84.64,83.26,86.02
