trial,mean,ci_down,ci_up
0.0,0.00,0.00,0.00
5.0,257.04,248.07,266.01
10.0,480.70,468.46,492.93
15.0,683.62,669.81,697.44
20.0,873.65,858.37,888.92
25.0,1068.12,1051.32,1084.93
30.0,1256.19,1238.08,1274.31
35.0,1432.28,1412.99,1451.57
40.0,1605.21,1585.49,1624.93
45.0,1768.34,1747.89,1788.80
50.0,1929.32,1908.29,1950.35
55.0,2084.90,2063.48,2106.31
60.0,2238.68,2216.86,2260.50
65.0,2387.54,2365.69,2409.38
70.0,2534.41,2511.99,2556.83
75.0,2677.72,2654.89,2700.55
80.0,2814.50,2791.37,2837.63
85.0,2951.86,2928.22,2975.49
90.0,3088.21,3064.22,3112.20
95.0,3219.08,3194.46,3243.70
100.0,3352.93,3328.12,3377.73
105.0,3478.45,3453.55,3503.35
110.0,3602.07,3576.65,3627.49
115.0,3730.62,3704.96,3756.28
120.0,3852.64,3826.49,3878.78
125.0,3975.85,3949.25,4002.45
130.0,4097.61,4070.71,4124.51
135.0,4213.45,4186.08,4240.82
140.0,4330.44,4302.49,4358.39
145.0,4448.09,4419.66,4476.52
150.0,4563.83,4535.29,4592.36
155.0,4676.42,4647.18,4705.65
160.0,4788.72,4759.17,4818.27
165.0,4900.70,4870.70,4930.71
170.0,5013.52,4982.97,5044.06
175.0,5126.87,5096.03,5157.71
180.0,5234.40,5203.17,5265.62
185.0,5344.25,5312.55,5375.95
190.0,5454.40,5422.34,5486.47
195.0,5565.61,5533.20,5598.02
200.0,5674.62,5641.92,5707.32
205.0,5780.12,5747.10,5813.13
210.0,5886.89,5853.56,5920.23
215.0,5993.74,5959.87,6027.60
220.0,6101.55,6067.36,6135.75
225.0,6205.36,6170.94,6239.78
230.0,6311.30,6276.40,6346.20
235.0,6415.82,6380.57,6451.07
240.0,6522.40,6486.79,6558.01
245.0,6624.88,6588.97,6660.79
250.0,6727.88,6691.57,6764.20
255.0,6829.61,6792.99,6866.22
260.0,6932.52,6895.59,6969.45
265.0,7033.69,6996.32,7071.06
270.0,7136.06,7098.17,7173.95
275.0,7238.92,7200.83,7277.00
280.0,7340.12,7301.67,7378.57
285.0,7441.55,7402.77,7480.34
290.0,7540.25,7501.21,7579.30
295.0,7641.88,7602.57,7681.19
300.0,7741.85,7702.38,7781.31
305.0,7839.15,7799.32,7878.97
310.0,7936.61,7896.66,7976.56
315.0,8038.69,7998.44,8078.95
320.0,8137.51,8096.95,8178.08
325.0,8235.05,8194.10,8276.01
330.0,8334.27,8293.11,8375.42
335.0,8432.00,8390.63,8473.38
340.0,8529.00,8487.32,8570.68
345.0,8624.47,8582.58,8666.37
350.0,8722.64,8680.16,8765.12
355.0,8818.68,8775.87,8861.49
360.0,8916.01,8873.19,8958.82
365.0,9013.29,8969.90,9056.68
370.0,9105.90,9062.24,9149.55
375.0,9199.81,9155.77,9243.84
380.0,9295.27,9250.99,9339.54
385.0,9387.74,9343.07,9432.41
390.0,9483.36,9438.25,9528.46
395.0,9579.19,9533.62,9624.75
400.0,9672.54,9626.66,9718.42
405.0,9764.61,9718.34,9810.87
410.0,9859.16,9812.57,9905.76
415.0,9955.35,9908.59,10002.11
420.0,10048.72,10001.39,10096.05
425.0,10141.10,10093.57,10188.62
430.0,10233.59,10185.84,10281.34
435.0,10328.11,10280.05,10376.18
440.0,10419.15,10370.59,10467.71
445.0,10509.37,10460.60,10558.14
450.0,10601.22,10552.06,10650.38
455.0,10693.68,10644.19,10743.17
460.0,10787.06,10737.32,10836.80
465.0,10878.77,10828.68,10928.86
470.0,10969.54,10919.31,11019.78
475.0,11060.77,11010.35,11111.18
480.0,11150.60,11099.94,11201.26
485.0,11241.55,11190.76,11292.33
490.0,11333.03,11281.90,11384.15
495.0,11425.31,11373.82,11476.81
500.0,11519.22,11467.60,11570.85
505.0,11609.19,11557.22,11661.16
510.0,11697.70,11645.26,11750.13
515.0,11788.50,11735.66,11841.33
520.0,11875.50,11822.39,11928.61
525.0,11965.54,11912.01,12019.07
530.0,12055.75,12001.81,12109.68
535.0,12145.66,12091.41,12199.91
540.0,12235.41,12180.67,12290.15
545.0,12324.31,12269.28,12379.34
550.0,12414.62,12359.46,12469.79
555.0,12500.93,12445.40,12556.46
560.0,12589.25,12533.38,12645.13
565.0,12678.67,12622.38,12734.95
570.0,12765.79,12709.21,12822.37
575.0,12854.26,12797.40,12911.12
580.0,12944.20,12886.85,13001.54
585.0,13033.50,12975.70,13091.30
590.0,13124.41,13066.29,13182.52
595.0,13211.86,13153.42,13270.29
600.0,13300.26,13241.73,13358.79
605.0,13386.53,13327.59,13445.47
610.0,13476.45,13417.25,13535.65
615.0,13563.81,13504.33,13623.29
620.0,13652.37,13592.42,13712.31
625.0,13737.98,13677.54,13798.42
630.0,13824.41,13763.43,13885.39
635.0,13909.68,13848.28,13971.07
640.0,13997.51,13935.77,14059.24
645.0,14084.44,14022.12,14146.77
650.0,14170.20,14107.64,14232.76
655.0,14258.20,14195.29,14321.11
660.0,14344.93,14281.73,14408.13
665.0,14432.72,14369.12,14496.32
670.0,14517.76,14453.66,14581.85
675.0,14604.42,14539.88,14668.97
680.0,14689.18,14624.34,14754.02
685.0,14777.65,14712.35,14842.95
690.0,14860.14,14794.41,14925.86
695.0,14945.82,14879.85,15011.79
700.0,15030.86,14964.61,15097.11
705.0,15115.61,15049.01,15182.21
710.0,15202.45,15135.45,15269.46
715.0,15286.14,15218.82,15353.47
720.0,15370.73,15303.06,15438.40
725.0,15455.03,15387.16,15522.90
730.0,15540.80,15472.58,15609.02
735.0,15624.12,15555.60,15692.64
740.0,15707.46,15638.64,15776.28
745.0,15790.91,15721.82,15860.00
750.0,15874.78,15805.44,15944.12
755.0,15959.53,15889.80,16029.26
760.0,16043.03,15972.95,16113.11
765.0,16125.37,16054.79,16195.95
770.0,16207.71,16136.72,16278.70
775.0,16292.15,16220.69,16363.61
780.0,16376.64,16304.88,16448.39
785.0,16458.26,16386.31,16530.22
790.0,16540.74,16468.63,16612.85
795.0,16624.87,16552.59,16697.15
800.0,16708.51,16636.09,16780.94
805.0,16793.49,16720.64,16866.34
810.0,16876.68,16803.50,16949.86
815.0,16959.10,16885.58,17032.63
820.0,17041.99,16968.12,17115.87
825.0,17124.75,17050.58,17198.92
830.0,17208.99,17134.47,17283.51
835.0,17291.31,17216.55,17366.07
840.0,17376.45,17301.31,17451.60
845.0,17458.25,17382.85,17533.64
850.0,17542.10,17466.27,17617.94
855.0,17623.97,17547.90,17700.03
860.0,17708.03,17631.39,17784.67
865.0,17790.46,17713.55,17867.37
870.0,17872.01,17794.79,17949.23
875.0,17954.62,17877.02,18032.21
880.0,18034.87,17956.99,18112.76
885.0,18115.41,18037.19,18193.63
890.0,18197.21,18118.78,18275.64
895.0,18278.06,18199.33,18356.79
900.0,18359.86,18280.86,18438.86
905.0,18438.65,18359.56,18517.75
910.0,18519.01,18439.52,18598.50
915.0,18600.74,18521.00,18680.48
920.0,18684.22,18604.14,18764.29
925.0,18763.79,18683.61,18843.98
930.0,18846.13,18765.44,18926.82
935.0,18925.49,18844.41,19006.56
940.0,19008.25,18927.00,19089.51
945.0,19088.31,19006.78,19169.85
950.0,19165.56,19083.65,19247.47
955.0,19245.12,19162.82,19327.41
960.0,19325.94,19243.48,19408.40
965.0,19406.77,19323.87,19489.68
970.0,19487.29,19404.01,19570.57
975.0,19565.14,19481.62,19648.65
980.0,19644.51,19560.61,19728.41
985.0,19724.22,19639.97,19808.47
990.0,19804.24,19719.80,19888.68
995.0,19883.15,19798.53,19967.76
1000.0,19960.87,19875.87,20045.87
