trial,mean,ci_down,ci_up
0.0,0.00,0.00,0.00
5.0,247.63,228.31,266.95
10.0,482.63,455.75,509.52
15.0,682.67,653.37,711.97
20.0,866.06,833.13,898.98
25.0,1047.99,1010.78,1085.19
30.0,1238.11,1196.43,1279.79
35.0,1416.87,1371.52,1462.22
40.0,1596.06,1549.28,1642.85
45.0,1752.91,1703.70,1802.12
50.0,1900.62,1850.59,1950.65
55.0,2050.31,1999.61,2101.01
60.0,2193.53,2141.06,2246.00
65.0,2345.76,2293.11,2398.42
70.0,2477.90,2424.16,2531.64
75.0,2624.28,2568.63,2679.93
80.0,2757.64,2701.13,2814.15
85.0,2890.14,2832.56,2947.71
90.0,3022.95,2965.11,3080.80
95.0,3151.10,3093.40,3208.79
100.0,3288.41,3231.23,3345.59
105.0,3403.19,3343.77,3462.60
110.0,3524.00,3463.19,3584.80
115.0,3657.59,3595.83,3719.35
120.0,3771.85,3710.21,3833.49
125.0,3887.69,3824.01,3951.36
130.0,4023.15,3959.02,4087.28
135.0,4143.40,4078.02,4208.78
140.0,4255.61,4188.74,4322.47
145.0,4377.05,4306.50,4447.60
150.0,4501.42,4430.01,4572.82
155.0,4611.92,4539.75,4684.10
160.0,4724.68,4651.02,4798.34
165.0,4840.37,4764.23,4916.51
170.0,4948.25,4869.19,5027.30
175.0,5055.64,4975.46,5135.83
180.0,5163.61,5083.21,5244.00
185.0,5277.49,5194.32,5360.66
190.0,5390.35,5307.19,5473.51
195.0,5501.90,5418.76,5585.04
200.0,5610.80,5526.05,5695.54
205.0,5720.73,5637.09,5804.38
210.0,5825.83,5740.19,5911.48
215.0,5936.40,5848.85,6023.94
220.0,6040.62,5954.88,6126.36
225.0,6140.11,6053.64,6226.58
230.0,6247.96,6160.18,6335.75
235.0,6348.70,6260.55,6436.85
240.0,6452.60,6364.20,6540.99
245.0,6554.01,6464.00,6644.02
250.0,6655.21,6565.33,6745.08
255.0,6756.66,6667.08,6846.24
260.0,6862.57,6772.30,6952.84
265.0,6960.86,6869.20,7052.52
270.0,7052.89,6961.80,7143.98
275.0,7149.73,7058.51,7240.94
280.0,7250.29,7156.50,7344.08
285.0,7344.15,7249.25,7439.04
290.0,7442.63,7348.98,7536.27
295.0,7545.54,7451.82,7639.26
300.0,7639.26,7544.17,7734.35
305.0,7735.85,7639.23,7832.48
310.0,7833.04,7736.00,7930.08
315.0,7930.85,7833.61,8028.10
320.0,8033.71,7935.39,8132.04
325.0,8123.12,8024.37,8221.86
330.0,8215.82,8117.29,8314.34
335.0,8320.44,8221.85,8419.03
340.0,8430.27,8330.23,8530.31
345.0,8528.75,8427.60,8629.90
350.0,8625.90,8524.10,8727.70
355.0,8724.66,8623.16,8826.16
360.0,8823.09,8722.47,8923.71
365.0,8921.97,8820.03,9023.91
370.0,9023.67,8921.15,9126.19
375.0,9111.63,9010.08,9213.17
380.0,9201.92,9100.53,9303.31
385.0,9301.71,9197.93,9405.48
390.0,9390.34,9287.57,9493.11
395.0,9485.76,9381.85,9589.68
400.0,9584.52,9478.36,9690.68
405.0,9667.42,9559.87,9774.96
410.0,9754.26,9647.89,9860.64
415.0,9847.14,9741.44,9952.84
420.0,9946.36,9838.51,10054.21
425.0,10038.48,9929.66,10147.31
430.0,10128.50,10018.66,10238.34
435.0,10217.95,10108.10,10327.80
440.0,10307.43,10194.59,10420.26
445.0,10391.33,10277.83,10504.83
450.0,10480.23,10366.29,10594.17
455.0,10580.70,10467.03,10694.37
460.0,10682.51,10568.71,10796.31
465.0,10769.65,10656.06,10883.25
470.0,10861.50,10746.76,10976.24
475.0,10961.92,10846.89,11076.95
480.0,11045.38,10930.81,11159.96
485.0,11144.10,11029.36,11258.85
490.0,11232.31,11117.54,11347.07
495.0,11320.73,11205.91,11435.54
500.0,11419.02,11304.41,11533.64
505.0,11509.68,11393.16,11626.19
510.0,11596.10,11479.11,11713.09
515.0,11682.29,11564.42,11800.17
520.0,11765.80,11647.10,11884.50
525.0,11859.87,11740.68,11979.06
530.0,11948.26,11828.28,12068.24
535.0,12034.25,11912.80,12155.71
540.0,12124.72,12002.33,12247.10
545.0,12211.94,12088.89,12335.00
550.0,12302.43,12179.36,12425.51
555.0,12388.14,12265.14,12511.14
560.0,12469.57,12346.33,12592.82
565.0,12560.74,12435.13,12686.34
570.0,12639.80,12514.21,12765.38
575.0,12722.38,12597.39,12847.36
580.0,12809.43,12684.04,12934.83
585.0,12906.88,12780.18,13033.58
590.0,12999.20,12871.51,13126.88
595.0,13084.80,12955.53,13214.07
600.0,13176.35,13046.80,13305.90
605.0,13266.44,13136.27,13396.60
610.0,13354.19,13222.90,13485.49
615.0,13444.83,13311.88,13577.79
620.0,13528.52,13396.85,13660.19
625.0,13616.38,13484.50,13748.25
630.0,13701.52,13568.67,13834.38
635.0,13787.05,13653.08,13921.02
640.0,13872.13,13736.45,14007.81
645.0,13966.68,13829.97,14103.40
650.0,14051.27,13914.94,14187.61
655.0,14134.22,13996.87,14271.58
660.0,14223.98,14085.68,14362.28
665.0,14313.90,14174.23,14453.57
670.0,14403.80,14263.22,14544.38
675.0,14486.98,14346.33,14627.62
680.0,14569.34,14429.10,14709.57
685.0,14654.30,14513.46,14795.14
690.0,14734.97,14593.23,14876.71
695.0,14818.13,14674.52,14961.73
700.0,14913.67,14769.13,15058.20
705.0,15003.43,14858.79,15148.08
710.0,15092.69,14948.09,15237.28
715.0,15176.43,15030.88,15321.98
720.0,15262.56,15115.97,15409.16
725.0,15338.69,15191.69,15485.68
730.0,15429.57,15282.70,15576.44
735.0,15513.29,15366.61,15659.97
740.0,15599.88,15453.61,15746.15
745.0,15674.71,15527.09,15822.33
750.0,15753.32,15604.75,15901.90
755.0,15835.23,15685.64,15984.81
760.0,15920.04,15769.28,16070.79
765.0,16006.42,15855.08,16157.77
770.0,16099.57,15947.66,16251.49
775.0,16182.66,16030.99,16334.33
780.0,16263.95,16110.45,16417.45
785.0,16343.79,16190.68,16496.90
790.0,16429.56,16276.95,16582.16
795.0,16514.64,16361.19,16668.10
800.0,16606.12,16451.31,16760.92
805.0,16687.91,16531.88,16843.93
810.0,16764.40,16606.82,16921.99
815.0,16851.46,16693.84,17009.08
820.0,16939.46,16780.88,17098.04
825.0,17025.27,16866.12,17184.42
830.0,17115.82,16956.04,17275.60
835.0,17199.41,17038.46,17360.36
840.0,17280.53,17119.85,17441.22
845.0,17365.50,17204.98,17526.03
850.0,17452.60,17291.11,17614.09
855.0,17537.34,17374.73,17699.94
860.0,17615.53,17451.22,17779.84
865.0,17704.03,17539.96,17868.10
870.0,17796.15,17631.92,17960.38
875.0,17882.42,17717.33,18047.50
880.0,17962.56,17796.57,18128.54
885.0,18043.80,17876.96,18210.64
890.0,18122.54,17954.19,18290.88
895.0,18203.98,18035.13,18372.82
900.0,18285.26,18116.51,18454.01
905.0,18363.80,18195.41,18532.18
910.0,18445.14,18276.10,18614.17
915.0,18535.05,18366.13,18703.97
920.0,18621.13,18451.58,18790.69
925.0,18695.25,18525.59,18864.90
930.0,18769.57,18600.04,18939.10
935.0,18849.06,18677.31,19020.81
940.0,18932.78,18759.50,19106.07
945.0,19008.38,18835.55,19181.21
950.0,19087.11,18912.79,19261.42
955.0,19160.02,18985.00,19335.04
960.0,19243.80,19068.89,19418.70
965.0,19324.27,19148.93,19499.61
970.0,19401.66,19225.94,19577.39
975.0,19479.56,19303.47,19655.64
980.0,19556.59,19379.10,19734.08
985.0,19636.82,19458.80,19814.84
990.0,19711.56,19531.82,19891.30
995.0,19788.03,19607.31,19968.75
1000.0,19867.25,19686.60,20047.90
