trial,mean,ci_down,ci_up
0.0,35.24,34.10,36.37
5.0,33.66,32.41,34.91
10.0,34.40,33.34,35.47
15.0,34.73,33.59,35.87
20.0,33.23,32.14,34.32
25.0,33.10,32.07,34.13
30.0,32.82,31.74,33.90
35.0,32.99,31.85,34.13
40.0,32.75,31.65,33.85
45.0,32.79,31.68,33.89
50.0,31.10,30.01,32.19
55.0,32.04,31.02,33.06
60.0,32.09,30.98,33.21
65.0,30.60,29.58,31.62
70.0,29.68,28.69,30.66
75.0,29.46,28.46,30.47
80.0,29.11,28.14,30.09
85.0,30.05,28.85,31.24
90.0,30.67,29.60,31.74
95.0,28.98,27.94,30.02
100.0,28.91,27.88,29.93
105.0,29.54,28.71,30.36
110.0,30.11,28.81,31.40
115.0,29.07,27.88,30.26
120.0,28.01,27.15,28.87
125.0,28.10,27.18,29.02
130.0,29.55,28.69,30.40
135.0,28.98,27.95,30.01
140.0,28.68,27.82,29.54
145.0,29.90,28.95,30.86
150.0,29.09,28.03,30.15
155.0,28.19,27.09,29.29
160.0,29.48,28.46,30.50
165.0,28.88,27.83,29.92
170.0,28.77,27.71,29.84
175.0,28.03,27.00,29.05
180.0,28.65,27.71,29.60
185.0,28.37,27.35,29.39
190.0,28.09,27.18,29.00
195.0,26.74,25.68,27.81
200.0,27.96,27.07,28.84
205.0,27.51,26.52,28.51
210.0,28.51,27.56,29.47
215.0,26.81,25.73,27.88
220.0,28.16,27.18,29.13
225.0,28.42,27.50,29.34
230.0,28.42,27.43,29.41
235.0,28.91,27.89,29.92
240.0,27.94,26.93,28.95
245.0,28.32,27.34,29.31
250.0,28.44,27.41,29.48
255.0,27.60,26.60,28.61
260.0,27.46,26.52,28.40
265.0,28.70,27.76,29.64
270.0,28.44,27.44,29.43
275.0,27.70,26.78,28.62
280.0,28.39,27.26,29.53
285.0,28.24,27.04,29.43
290.0,27.71,26.76,28.66
295.0,28.46,27.26,29.65
300.0,27.73,26.68,28.78
305.0,28.18,27.00,29.36
310.0,28.01,26.99,29.02
315.0,27.67,26.69,28.65
320.0,29.14,28.08,30.19
325.0,27.84,26.85,28.84
330.0,28.87,27.69,30.06
335.0,27.89,26.80,28.99
340.0,27.68,26.55,28.82
345.0,27.90,26.95,28.85
350.0,28.88,27.82,29.94
355.0,28.53,27.60,29.46
360.0,28.73,27.62,29.83
365.0,27.23,26.19,28.27
370.0,27.69,26.84,28.53
375.0,28.29,27.20,29.38
380.0,27.51,26.43,28.59
385.0,28.05,27.17,28.93
390.0,27.94,26.93,28.95
395.0,27.44,26.38,28.49
400.0,27.06,25.94,28.19
405.0,29.12,28.25,30.00
410.0,28.83,27.71,29.95
415.0,27.76,26.78,28.75
420.0,28.37,27.37,29.37
425.0,27.36,26.51,28.20
430.0,27.25,26.21,28.29
435.0,27.68,26.67,28.69
440.0,27.66,26.72,28.60
445.0,28.02,27.11,28.93
450.0,27.25,26.28,28.21
455.0,28.34,27.32,29.36
460.0,27.33,26.29,28.37
465.0,28.15,27.24,29.06
470.0,28.10,27.14,29.06
475.0,26.65,25.57,27.73
480.0,27.73,26.78,28.69
485.0,28.45,27.27,29.63
490.0,27.75,26.74,28.76
495.0,28.65,27.60,29.69
500.0,27.57,26.55,28.59
505.0,28.27,27.28,29.25
510.0,27.74,26.79,28.69
515.0,27.67,26.79,28.56
520.0,28.31,27.18,29.44
525.0,27.50,26.50,28.49
530.0,27.86,26.87,28.86
535.0,26.84,25.82,27.87
540.0,27.15,26.20,28.10
545.0,28.03,26.84,29.22
550.0,27.88,26.88,28.89
555.0,27.61,26.55,28.67
560.0,28.51,27.52,29.51
565.0,27.68,26.65,28.71
570.0,28.29,27.31,29.27
575.0,27.82,26.83,28.81
580.0,27.88,26.87,28.90
585.0,28.13,27.22,29.04
590.0,27.47,26.67,28.27
595.0,28.61,27.74,29.47
600.0,28.24,27.23,29.26
605.0,27.33,26.27,28.39
610.0,27.40,26.33,28.48
615.0,27.24,26.23,28.25
620.0,28.45,27.49,29.40
625.0,28.13,27.17,29.10
630.0,28.04,27.08,29.00
635.0,28.14,27.21,29.06
640.0,27.48,26.56,28.41
645.0,27.37,26.48,28.25
650.0,28.49,27.27,29.72
655.0,28.05,26.97,29.13
660.0,27.74,26.72,28.76
665.0,27.25,26.27,28.23
670.0,28.06,27.08,29.05
675.0,27.77,26.80,28.74
680.0,27.71,26.72,28.70
685.0,27.78,26.82,28.73
690.0,27.91,26.76,29.05
695.0,27.97,27.09,28.85
700.0,27.76,26.83,28.69
705.0,26.61,25.64,27.57
710.0,28.64,27.65,29.64
715.0,26.62,25.68,27.57
720.0,26.66,25.72,27.60
725.0,26.91,26.00,27.83
730.0,27.74,26.70,28.77
735.0,27.44,26.42,28.45
740.0,28.28,27.39,29.17
745.0,27.44,26.57,28.31
750.0,27.20,26.30,28.10
755.0,27.53,26.38,28.67
760.0,28.11,27.18,29.03
765.0,26.78,25.86,27.69
770.0,27.95,26.86,29.04
775.0,27.77,26.77,28.77
780.0,27.23,26.33,28.13
785.0,28.39,27.46,29.33
790.0,27.45,26.56,28.34
795.0,27.18,26.12,28.24
800.0,27.23,26.30,28.15
805.0,27.08,26.17,27.99
810.0,27.42,26.40,28.44
815.0,26.70,25.68,27.73
820.0,27.59,26.65,28.53
825.0,27.69,26.72,28.67
830.0,27.60,26.42,28.79
835.0,28.02,26.98,29.05
840.0,27.89,26.95,28.82
845.0,27.98,26.86,29.09
850.0,27.63,26.70,28.56
855.0,27.28,26.24,28.32
860.0,27.78,26.73,28.83
865.0,26.38,25.33,27.44
870.0,27.77,26.72,28.82
875.0,27.38,26.12,28.64
880.0,26.90,25.91,27.88
885.0,28.07,27.09,29.04
890.0,26.85,25.82,27.89
895.0,27.57,26.64,28.50
900.0,27.81,26.75,28.88
905.0,27.56,26.64,28.48
910.0,27.30,26.35,28.25
915.0,27.39,26.35,28.43
920.0,27.23,26.17,28.28
925.0,27.56,26.66,28.46
930.0,27.25,26.43,28.07
935.0,27.60,26.63,28.57
940.0,27.89,26.92,28.86
945.0,26.48,25.58,27.38
950.0,27.15,26.14,28.17
955.0,27.82,26.74,28.90
960.0,27.10,26.11,28.08
965.0,26.84,25.87,27.81
970.0,27.21,26.24,28.18
975.0,26.81,25.73,27.88
980.0,28.54,27.54,29.54
985.0,28.08,27.11,29.05
990.0,27.56,26.45,28.66
995.0,27.36,26.28,28.44
1000.0,27.79,26.82,28.76
