trial,mean,ci_down,ci_up
0.0,0.00,0.00,0.00
5.0,333.47,318.43,348.51
10.0,607.27,589.40,625.14
15.0,856.58,836.05,877.12
20.0,1081.70,1059.91,1103.49
25.0,1295.12,1271.92,1318.31
30.0,1492.85,1468.30,1517.40
35.0,1684.41,1658.83,1710.00
40.0,1875.26,1848.69,1901.83
45.0,2043.28,2016.47,2070.09
50.0,2214.31,2186.57,2242.05
55.0,2374.00,2345.82,2402.19
60.0,2526.79,2498.02,2555.55
65.0,2679.34,2649.74,2708.94
70.0,2832.20,2802.10,2862.30
75.0,2977.69,2947.07,3008.31
80.0,3126.02,3094.81,3157.23
85.0,3267.14,3235.17,3299.11
90.0,3404.19,3371.21,3437.18
95.0,3541.39,3507.42,3575.36
100.0,3677.54,3642.87,3712.21
105.0,3813.46,3778.48,3848.44
110.0,3941.47,3906.10,3976.85
115.0,4069.26,4031.86,4106.66
120.0,4197.84,4160.24,4235.44
125.0,4326.27,4288.61,4363.94
130.0,4452.29,4413.64,4490.93
135.0,4579.81,4540.09,4619.53
140.0,4700.10,4659.51,4740.70
145.0,4823.98,4783.21,4864.76
150.0,4942.96,4901.42,4984.49
155.0,5067.81,5025.31,5110.31
160.0,5182.98,5139.37,5226.58
165.0,5300.74,5256.32,5345.15
170.0,5415.74,5370.83,5460.65
175.0,5535.62,5490.11,5581.13
180.0,5651.85,5605.78,5697.91
185.0,5768.80,5722.03,5815.57
190.0,5885.90,5838.58,5933.21
195.0,5996.28,5948.04,6044.53
200.0,6111.04,6062.63,6159.45
205.0,6226.58,6177.99,6275.17
210.0,6344.09,6294.35,6393.83
215.0,6456.61,6406.00,6507.23
220.0,6568.26,6516.89,6619.62
225.0,6682.11,6630.41,6733.80
230.0,6798.48,6745.65,6851.30
235.0,6910.25,6856.81,6963.70
240.0,7019.48,6964.90,7074.07
245.0,7125.05,7070.06,7180.04
250.0,7229.84,7174.20,7285.49
255.0,7341.92,7286.00,7397.83
260.0,7452.10,7395.51,7508.69
265.0,7560.83,7503.86,7617.79
270.0,7667.25,7609.14,7725.36
275.0,7775.12,7715.79,7834.45
280.0,7879.86,7820.21,7939.51
285.0,7988.62,7927.70,8049.53
290.0,8096.62,8035.36,8157.89
295.0,8204.64,8142.98,8266.29
300.0,8311.48,8249.24,8373.72
305.0,8421.24,8358.21,8484.27
310.0,8527.18,8463.23,8591.13
315.0,8629.56,8565.43,8693.69
320.0,8733.77,8668.82,8798.72
325.0,8840.11,8774.58,8905.64
330.0,8949.08,8882.72,9015.45
335.0,9052.01,8985.15,9118.86
340.0,9153.14,9085.80,9220.49
345.0,9256.17,9188.48,9323.86
350.0,9357.48,9289.42,9425.53
355.0,9461.70,9393.07,9530.33
360.0,9564.53,9494.97,9634.10
365.0,9667.90,9598.03,9737.76
370.0,9771.26,9700.82,9841.71
375.0,9872.48,9801.35,9943.61
380.0,9971.14,9899.43,10042.85
385.0,10074.90,10002.22,10147.58
390.0,10176.51,10102.94,10250.08
395.0,10274.21,10199.87,10348.56
400.0,10374.59,10299.80,10449.39
405.0,10476.87,10401.32,10552.42
410.0,10575.89,10499.48,10652.29
415.0,10677.01,10600.56,10753.45
420.0,10775.87,10698.76,10852.98
425.0,10875.25,10797.60,10952.91
430.0,10975.05,10896.79,11053.31
435.0,11081.33,11002.05,11160.60
440.0,11184.87,11105.57,11264.17
445.0,11284.64,11204.33,11364.96
450.0,11382.43,11301.22,11463.64
455.0,11476.79,11395.10,11558.49
460.0,11574.67,11492.89,11656.46
465.0,11674.26,11591.86,11756.67
470.0,11771.38,11688.72,11854.04
475.0,11870.07,11786.52,11953.61
480.0,11967.92,11884.02,12051.82
485.0,12069.33,11984.89,12153.77
490.0,12165.88,12080.89,12250.88
495.0,12263.11,12177.62,12348.59
500.0,12359.01,12273.17,12444.85
505.0,12455.22,12369.20,12541.24
510.0,12553.79,12467.30,12640.28
515.0,12650.67,12563.90,12737.44
520.0,12746.96,12659.41,12834.50
525.0,12842.58,12754.75,12930.41
530.0,12939.51,12850.91,13028.10
535.0,13035.31,12946.01,13124.62
540.0,13130.28,13040.83,13219.73
545.0,13226.32,13136.51,13316.12
550.0,13320.46,13230.17,13410.75
555.0,13413.74,13322.36,13505.12
560.0,13508.24,13416.34,13600.13
565.0,13602.66,13510.33,13694.99
570.0,13695.11,13602.40,13787.83
575.0,13789.93,13696.29,13883.58
580.0,13881.13,13786.48,13975.78
585.0,13973.61,13878.58,14068.64
590.0,14065.49,13970.23,14160.76
595.0,14157.71,14061.75,14253.68
600.0,14249.19,14153.21,14345.16
605.0,14340.59,14243.84,14437.33
610.0,14431.08,14333.55,14528.61
615.0,14523.73,14425.92,14621.54
620.0,14615.65,14517.41,14713.89
625.0,14709.34,14610.89,14807.80
630.0,14801.05,14702.39,14899.71
635.0,14891.73,14792.34,14991.11
640.0,14983.50,14883.15,15083.84
645.0,15073.65,14972.70,15174.60
650.0,15162.12,15061.05,15263.19
655.0,15251.01,15149.46,15352.56
660.0,15342.75,15240.57,15444.94
665.0,15430.45,15327.69,15533.20
670.0,15517.32,15414.38,15620.26
675.0,15609.22,15506.15,15712.29
680.0,15698.22,15594.68,15801.75
685.0,15783.26,15679.57,15886.94
690.0,15872.79,15768.61,15976.98
695.0,15961.55,15856.97,16066.14
700.0,16053.24,15948.01,16158.47
705.0,16142.60,16037.14,16248.06
710.0,16228.82,16123.16,16334.49
715.0,16314.99,16209.43,16420.55
720.0,16403.20,16296.92,16509.48
725.0,16490.11,16383.56,16596.66
730.0,16574.64,16467.93,16681.35
735.0,16662.12,16554.86,16769.38
740.0,16748.88,16640.93,16856.83
745.0,16836.62,16728.46,16944.79
750.0,16923.08,16814.54,17031.62
755.0,17010.63,16901.17,17120.09
760.0,17101.01,16991.19,17210.83
765.0,17187.73,17077.53,17297.93
770.0,17271.21,17161.03,17381.39
775.0,17357.64,17246.83,17468.44
780.0,17443.12,17331.95,17554.28
785.0,17528.23,17416.98,17639.47
790.0,17613.45,17502.14,17724.76
795.0,17695.75,17584.28,17807.23
800.0,17781.10,17669.10,17893.11
805.0,17871.17,17758.70,17983.65
810.0,17958.46,17845.71,18071.22
815.0,18044.12,17931.22,18157.03
820.0,18131.52,18018.09,18244.94
825.0,18217.05,18103.17,18330.94
830.0,18303.89,18189.69,18418.08
835.0,18388.34,18273.39,18503.28
840.0,18473.64,18358.81,18588.47
845.0,18561.08,18445.76,18676.40
850.0,18645.09,18528.98,18761.21
855.0,18728.11,18611.55,18844.67
860.0,18811.84,18694.99,18928.69
865.0,18895.53,18778.77,19012.30
870.0,18976.21,18859.33,19093.09
875.0,19057.10,18939.42,19174.77
880.0,19139.69,19021.00,19258.38
885.0,19224.50,19105.32,19343.69
890.0,19307.27,19187.70,19426.84
895.0,19390.26,19270.60,19509.92
900.0,19472.77,19353.16,19592.38
905.0,19555.28,19435.25,19675.31
910.0,19637.64,19517.16,19758.13
915.0,19720.28,19599.63,19840.92
920.0,19803.35,19682.01,19924.69
925.0,19883.82,19761.97,20005.68
930.0,19966.28,19843.90,20088.66
935.0,20046.80,19924.06,20169.55
940.0,20123.86,20000.87,20246.85
945.0,20205.55,20082.01,20329.09
950.0,20284.61,20160.80,20408.43
955.0,20368.51,20244.25,20492.76
960.0,20451.34,20326.95,20575.74
965.0,20534.50,20409.70,20659.29
970.0,20615.34,20490.72,20739.97
975.0,20696.19,20570.94,20821.43
980.0,20779.16,20653.71,20904.62
985.0,20860.71,20735.07,20986.35
990.0,20941.86,20815.99,21067.72
995.0,21022.48,20896.35,21148.61
1000.0,21104.78,20978.41,21231.16
