trial,mean,ci_down,ci_up
0.0,101.76,100.68,102.85
5.0,104.38,103.19,105.57
10.0,103.78,102.47,105.09
15.0,101.59,100.31,102.88
20.0,98.87,97.58,100.17
25.0,97.50,96.26,98.73
30.0,97.85,96.53,99.16
35.0,96.58,95.32,97.85
40.0,95.47,94.24,96.70
45.0,96.00,94.79,97.21
50.0,95.29,94.11,96.48
55.0,95.58,94.29,96.88
60.0,94.69,93.41,95.98
65.0,93.92,92.61,95.23
70.0,94.34,93.13,95.56
75.0,93.82,92.59,95.04
80.0,94.24,93.06,95.42
85.0,93.81,92.58,95.04
90.0,93.44,92.24,94.64
95.0,93.82,92.45,95.20
100.0,93.46,92.12,94.80
105.0,93.12,91.93,94.31
110.0,92.92,91.68,94.16
115.0,92.79,91.53,94.06
120.0,93.20,91.84,94.56
125.0,93.31,92.05,94.56
130.0,92.35,91.02,93.67
135.0,92.22,90.99,93.45
140.0,93.26,91.96,94.56
145.0,92.69,91.31,94.08
150.0,92.86,91.54,94.19
155.0,92.66,91.44,93.89
160.0,92.48,91.24,93.72
165.0,92.40,91.05,93.75
170.0,92.43,91.11,93.75
175.0,91.64,90.36,92.91
180.0,92.11,90.77,93.44
185.0,92.08,90.85,93.31
190.0,92.36,91.10,93.62
195.0,92.22,91.03,93.40
200.0,91.57,90.35,92.80
205.0,92.14,90.86,93.42
210.0,91.59,90.34,92.84
215.0,91.41,90.27,92.55
220.0,91.31,90.10,92.51
225.0,91.19,90.00,92.37
230.0,91.48,90.23,92.72
235.0,91.36,90.08,92.63
240.0,92.02,90.83,93.21
245.0,91.07,89.80,92.33
250.0,90.81,89.57,92.05
255.0,91.41,90.17,92.64
260.0,90.94,89.56,92.32
265.0,90.75,89.54,91.96
270.0,90.95,89.69,92.22
275.0,91.51,90.28,92.75
280.0,90.36,89.19,91.54
285.0,91.11,89.82,92.40
290.0,90.81,89.60,92.02
295.0,90.80,89.58,92.02
300.0,90.65,89.36,91.93
305.0,89.91,88.67,91.15
310.0,90.00,88.74,91.26
315.0,91.07,89.94,92.20
320.0,90.42,89.24,91.61
325.0,90.12,88.87,91.37
330.0,90.26,89.02,91.49
335.0,89.48,88.26,90.71
340.0,90.13,89.01,91.24
345.0,90.67,89.43,91.91
350.0,90.74,89.48,92.00
355.0,90.71,89.47,91.94
360.0,90.57,89.39,91.76
365.0,89.74,88.43,91.05
370.0,90.29,89.04,91.54
375.0,90.44,89.24,91.64
380.0,89.92,88.62,91.22
385.0,90.27,89.09,91.46
390.0,90.04,88.82,91.27
395.0,88.52,87.35,89.68
400.0,89.75,88.57,90.93
405.0,89.60,88.44,90.76
410.0,89.71,88.53,90.89
415.0,88.99,87.76,90.22
420.0,90.16,88.97,91.36
425.0,89.43,88.21,90.66
430.0,89.54,88.31,90.76
435.0,89.88,88.60,91.16
440.0,89.92,88.71,91.14
445.0,89.90,88.68,91.13
450.0,89.23,87.98,90.49
455.0,89.28,88.06,90.49
460.0,89.77,88.61,90.93
465.0,89.42,88.29,90.56
470.0,89.70,88.57,90.83
475.0,90.08,88.85,91.31
480.0,89.58,88.44,90.71
485.0,88.36,87.21,89.51
490.0,88.93,87.71,90.15
495.0,89.20,88.08,90.31
500.0,89.43,88.24,90.61
505.0,88.68,87.49,89.87
510.0,89.32,88.13,90.50
515.0,89.17,88.03,90.31
520.0,88.61,87.35,89.87
525.0,89.41,88.25,90.57
530.0,88.79,87.58,90.00
535.0,89.41,88.22,90.60
540.0,89.04,87.90,90.18
545.0,89.33,88.13,90.54
550.0,88.89,87.69,90.09
555.0,88.83,87.78,89.88
560.0,88.83,87.72,89.95
565.0,88.25,87.15,89.35
570.0,88.05,86.94,89.16
575.0,88.78,87.52,90.05
580.0,88.96,87.80,90.13
585.0,88.76,87.55,89.96
590.0,89.29,88.05,90.52
595.0,89.05,87.81,90.29
600.0,88.03,86.87,89.18
605.0,88.64,87.52,89.76
610.0,88.10,86.90,89.31
615.0,88.61,87.44,89.78
620.0,88.87,87.65,90.08
625.0,88.14,86.92,89.36
630.0,88.41,87.30,89.52
635.0,88.12,86.97,89.27
640.0,88.58,87.37,89.80
645.0,88.08,86.90,89.25
650.0,87.79,86.56,89.02
655.0,88.82,87.59,90.04
660.0,87.60,86.46,88.75
665.0,88.35,87.16,89.54
670.0,87.30,85.99,88.60
675.0,87.25,86.02,88.48
680.0,87.94,86.80,89.09
685.0,88.11,86.92,89.30
690.0,87.97,86.79,89.16
695.0,87.63,86.51,88.75
700.0,87.77,86.64,88.91
705.0,87.99,86.81,89.18
710.0,87.37,86.26,88.48
715.0,87.25,86.15,88.35
720.0,88.17,86.98,89.36
725.0,87.44,86.30,88.59
730.0,87.21,86.08,88.35
735.0,87.80,86.64,88.97
740.0,87.83,86.65,89.01
745.0,87.64,86.47,88.81
750.0,87.52,86.24,88.81
755.0,86.95,85.84,88.05
760.0,87.46,86.23,88.68
765.0,87.76,86.56,88.97
770.0,87.29,86.16,88.42
775.0,87.43,86.30,88.56
780.0,87.08,85.99,88.17
785.0,87.56,86.43,88.69
790.0,87.38,86.18,88.58
795.0,86.89,85.81,87.98
800.0,86.85,85.73,87.98
805.0,86.94,85.77,88.10
810.0,87.13,85.93,88.34
815.0,87.26,86.07,88.45
820.0,86.78,85.63,87.92
825.0,86.84,85.69,87.98
830.0,86.99,85.82,88.15
835.0,86.52,85.41,87.63
840.0,86.86,85.69,88.03
845.0,87.08,85.94,88.21
850.0,87.55,86.44,88.65
855.0,87.25,86.10,88.40
860.0,87.03,85.86,88.21
865.0,86.84,85.70,87.99
870.0,87.09,85.94,88.25
875.0,86.54,85.37,87.72
880.0,86.83,85.70,87.96
885.0,87.11,86.01,88.21
890.0,87.11,85.94,88.28
895.0,87.25,86.12,88.38
900.0,86.80,85.60,88.00
905.0,86.77,85.55,88.00
910.0,86.07,84.92,87.23
915.0,87.26,86.10,88.43
920.0,86.80,85.67,87.92
925.0,86.73,85.54,87.93
930.0,85.68,84.50,86.86
935.0,86.63,85.46,87.81
940.0,86.32,85.16,87.48
945.0,86.67,85.55,87.79
950.0,86.52,85.44,87.61
955.0,86.11,84.94,87.28
960.0,86.58,85.45,87.72
965.0,85.72,84.64,86.79
970.0,86.36,85.23,87.48
975.0,87.44,86.26,88.61
980.0,86.07,84.91,87.23
985.0,86.66,85.37,87.95
990.0,86.66,85.49,87.84
995.0,86.83,85.68,87.98
1000.0,86.99,85.79,88.19
