trial,mean,ci_down,ci_up
0.0,0.00,0.00,0.00
5.0,514.07,486.40,541.74
10.0,993.69,957.03,1030.35
15.0,1478.41,1433.07,1523.76
20.0,1938.78,1884.79,1992.78
25.0,2393.41,2334.79,2452.04
30.0,2831.19,2769.57,2892.81
35.0,3261.27,3195.06,3327.48
40.0,3686.17,3618.08,3754.26
45.0,4114.21,4040.86,4187.56
50.0,4547.99,4471.73,4624.25
55.0,4982.36,4902.59,5062.12
60.0,5385.05,5302.96,5467.14
65.0,5765.78,5681.60,5849.96
70.0,6172.20,6085.58,6258.83
75.0,6579.54,6491.05,6668.04
80.0,6977.89,6886.93,7068.85
85.0,7350.45,7256.78,7444.13
90.0,7725.71,7630.32,7821.11
95.0,8094.25,7998.13,8190.37
100.0,8473.18,8374.20,8572.16
105.0,8852.75,8750.24,8955.25
110.0,9220.12,9115.66,9324.58
115.0,9592.93,9486.89,9698.98
120.0,9948.29,9839.78,10056.80
125.0,10307.58,10196.39,10418.76
130.0,10663.16,10552.28,10774.05
135.0,11010.28,10899.43,11121.12
140.0,11364.59,11253.99,11475.19
145.0,11720.48,11608.12,11832.84
150.0,12072.23,11957.61,12186.85
155.0,12415.94,12299.81,12532.06
160.0,12748.99,12631.90,12866.07
165.0,13079.55,12961.20,13197.91
170.0,13405.34,13286.39,13524.29
175.0,13733.52,13613.83,13853.22
180.0,14073.82,13951.46,14196.18
185.0,14396.10,14270.93,14521.28
190.0,14709.16,14581.87,14836.44
195.0,15034.82,14906.40,15163.24
200.0,15354.90,15224.46,15485.34
205.0,15674.67,15545.70,15803.65
210.0,15997.63,15866.49,16128.77
215.0,16303.50,16170.94,16436.06
220.0,16612.59,16477.65,16747.52
225.0,16912.18,16776.53,17047.83
230.0,17220.62,17084.37,17356.88
235.0,17514.55,17377.09,17652.01
240.0,17804.46,17664.21,17944.70
245.0,18094.96,17953.26,18236.65
250.0,18379.64,18237.09,18522.19
255.0,18671.69,18526.56,18816.82
260.0,18947.59,18801.65,19093.53
265.0,19245.63,19100.40,19390.86
270.0,19528.26,19383.48,19673.04
275.0,19807.78,19663.57,19951.98
280.0,20091.14,19946.77,20235.50
285.0,20364.82,20219.48,20510.15
290.0,20647.70,20501.17,20794.24
295.0,20928.69,20779.86,21077.52
300.0,21208.00,21056.98,21359.03
305.0,21483.11,21332.30,21633.92
310.0,21754.26,21603.43,21905.08
315.0,22030.46,21879.22,22181.71
320.0,22304.88,22151.92,22457.83
325.0,22571.76,22416.99,22726.53
330.0,22838.82,22683.69,22993.95
335.0,23098.75,22942.81,23254.68
340.0,23358.92,23202.10,23515.74
345.0,23630.07,23472.44,23787.71
350.0,23896.37,23737.34,24055.40
355.0,24160.34,24000.35,24320.32
360.0,24428.56,24266.94,24590.18
365.0,24701.20,24536.09,24866.32
370.0,24964.62,24796.25,25132.99
375.0,25229.29,25058.51,25400.06
380.0,25482.66,25309.69,25655.63
385.0,25744.14,25567.63,25920.65
390.0,25997.65,25818.67,26176.63
395.0,26243.10,26064.18,26422.03
400.0,26493.50,26314.24,26672.77
405.0,26745.60,26565.60,26925.61
410.0,27008.07,26826.74,27189.39
415.0,27269.46,27087.96,27450.97
420.0,27529.80,27347.05,27712.55
425.0,27782.53,27597.90,27967.16
430.0,28028.29,27844.23,28212.36
435.0,28280.49,28094.70,28466.28
440.0,28527.49,28341.60,28713.38
445.0,28768.51,28580.84,28956.17
450.0,29019.12,28830.31,29207.93
455.0,29267.13,29076.34,29457.91
460.0,29515.21,29323.79,29706.62
465.0,29760.87,29568.51,29953.23
470.0,30011.88,29818.48,30205.28
475.0,30253.58,30060.64,30446.52
480.0,30504.66,30310.81,30698.51
485.0,30748.83,30553.96,30943.69
490.0,30998.04,30802.79,31193.30
495.0,31243.35,31047.86,31438.84
500.0,31491.59,31294.59,31688.59
505.0,31731.51,31535.11,31927.91
510.0,31984.10,31786.61,32181.58
515.0,32229.09,32029.88,32428.30
520.0,32477.57,32278.52,32676.62
525.0,32721.15,32520.82,32921.48
530.0,32971.16,32770.22,33172.09
535.0,33207.67,33007.69,33407.66
540.0,33453.96,33252.61,33655.32
545.0,33691.59,33487.68,33895.50
550.0,33938.38,33735.05,34141.72
555.0,34177.81,33975.41,34380.20
560.0,34419.90,34216.67,34623.12
565.0,34658.20,34452.94,34863.47
570.0,34897.52,34691.33,35103.71
575.0,35139.17,34932.31,35346.02
580.0,35381.27,35174.31,35588.22
585.0,35617.95,35409.88,35826.02
590.0,35860.96,35652.96,36068.95
595.0,36091.89,35883.18,36300.60
600.0,36328.92,36120.34,36537.50
605.0,36560.60,36351.72,36769.47
610.0,36788.93,36579.37,36998.49
615.0,37023.44,36813.35,37233.54
620.0,37261.50,37050.77,37472.23
625.0,37498.41,37286.13,37710.69
630.0,37731.17,37518.53,37943.80
635.0,37966.07,37752.61,38179.53
640.0,38199.42,37985.15,38413.69
645.0,38439.47,38224.71,38654.23
650.0,38677.44,38461.59,38893.28
655.0,38910.67,38693.44,39127.89
660.0,39142.28,38924.94,39359.62
665.0,39376.26,39157.65,39594.87
670.0,39606.33,39386.56,39826.10
675.0,39835.43,39615.59,40055.27
680.0,40075.94,39854.42,40297.46
685.0,40318.02,40095.40,40540.65
690.0,40548.09,40324.16,40772.03
695.0,40775.24,40550.20,41000.28
700.0,41009.90,40785.92,41233.88
705.0,41242.66,41017.57,41467.76
710.0,41479.72,41252.88,41706.56
715.0,41713.66,41485.66,41941.67
720.0,41944.10,41716.24,42171.96
725.0,42180.61,41952.77,42408.44
730.0,42412.22,42183.13,42641.32
735.0,42639.34,42408.40,42870.29
740.0,42873.27,42642.30,43104.24
745.0,43103.19,42871.57,43334.81
750.0,43327.49,43094.99,43559.98
755.0,43560.27,43327.07,43793.47
760.0,43786.49,43550.40,44022.59
765.0,44018.85,43782.96,44254.73
770.0,44247.20,44012.24,44482.16
775.0,44479.92,44243.65,44716.18
780.0,44702.40,44464.48,44940.32
785.0,44933.54,44695.86,45171.23
790.0,45161.02,44923.03,45399.01
795.0,45389.02,45150.36,45627.68
800.0,45622.06,45382.51,45861.61
805.0,45853.10,45614.62,46091.58
810.0,46073.00,45833.96,46312.04
815.0,46299.94,46060.31,46539.57
820.0,46525.65,46285.18,46766.12
825.0,46751.22,46510.15,46992.28
830.0,46972.88,46730.88,47214.89
835.0,47208.68,46965.73,47451.63
840.0,47443.73,47199.28,47688.19
845.0,47663.26,47419.25,47907.26
850.0,47895.68,47650.62,48140.75
855.0,48128.17,47881.15,48375.18
860.0,48355.24,48109.08,48601.39
865.0,48585.49,48338.24,48832.74
870.0,48803.74,48554.54,49052.94
875.0,49035.84,48785.26,49286.42
880.0,49265.72,49013.60,49517.83
885.0,49492.40,49240.40,49744.41
890.0,49715.39,49462.71,49968.07
895.0,49945.49,49692.88,50198.11
900.0,50175.13,49921.32,50428.93
905.0,50395.13,50140.63,50649.64
910.0,50624.02,50369.75,50878.29
915.0,50841.88,50587.53,51096.24
920.0,51059.63,50804.94,51314.32
925.0,51289.87,51033.90,51545.84
930.0,51517.19,51260.24,51774.14
935.0,51745.66,51487.15,52004.16
940.0,51967.32,51708.30,52226.35
945.0,52202.92,51944.43,52461.41
950.0,52432.60,52172.71,52692.49
955.0,52651.23,52389.84,52912.62
960.0,52886.30,52622.85,53149.74
965.0,53116.66,52851.01,53382.30
970.0,53343.45,53078.42,53608.48
975.0,53563.34,53298.58,53828.09
980.0,53790.80,53523.56,54058.04
985.0,54013.48,53746.58,54280.37
990.0,54231.16,53964.59,54497.73
995.0,54456.29,54188.23,54724.34
1000.0,54678.68,54408.63,54948.73
1005.0,54909.60,54640.87,55178.33
1010.0,55129.18,54859.15,55399.21
1015.0,55354.25,55082.74,55625.77
1020.0,55575.30,55301.47,55849.12
1025.0,55806.65,55531.25,56082.05
1030.0,56020.29,55745.18,56295.40
1035.0,56242.05,55966.96,56517.14
1040.0,56454.60,56179.68,56729.51
1045.0,56681.20,56407.08,56955.32
1050.0,56904.82,56630.11,57179.53
1055.0,57126.43,56851.45,57401.41
1060.0,57348.04,57070.98,57625.10
1065.0,57567.00,57289.18,57844.83
1070.0,57779.86,57501.91,58057.80
1075.0,58005.93,57726.72,58285.15
1080.0,58233.34,57952.82,58513.86
1085.0,58449.62,58168.17,58731.06
1090.0,58657.80,58375.52,58940.08
1095.0,58879.78,58597.55,59162.00
1100.0,59097.31,58814.35,59380.27
1105.0,59323.80,59039.91,59607.69
1110.0,59552.72,59267.81,59837.62
1115.0,59774.86,59488.63,60061.10
1120.0,59987.41,59700.53,60274.29
1125.0,60205.57,59916.81,60494.32
1130.0,60433.62,60143.75,60723.50
1135.0,60648.79,60358.64,60938.94
1140.0,60862.29,60570.24,61154.35
1145.0,61083.59,60789.99,61377.19
1150.0,61293.94,60998.65,61589.23
1155.0,61506.32,61210.73,61801.91
1160.0,61732.35,61435.15,62029.55
1165.0,61957.58,61660.56,62254.59
1170.0,62171.54,61873.87,62469.21
1175.0,62383.10,62085.97,62680.22
1180.0,62595.39,62297.93,62892.85
1185.0,62810.33,62511.57,63109.09
1190.0,63025.09,62726.13,63324.05
1195.0,63247.50,62946.64,63548.36
1200.0,63468.84,63167.60,63770.08
1205.0,63686.49,63385.59,63987.39
1210.0,63908.74,63606.45,64211.03
1215.0,64121.06,63817.49,64424.63
1220.0,64337.07,64033.72,64640.42
1225.0,64565.44,64259.62,64871.26
1230.0,64784.70,64478.22,65091.19
1235.0,65001.09,64693.28,65308.90
1240.0,65213.92,64904.64,65523.20
1245.0,65422.22,65111.60,65732.85
1250.0,65640.88,65330.07,65951.68
1255.0,65854.52,65542.55,66166.49
1260.0,66070.84,65757.98,66383.70
1265.0,66283.00,65968.47,66597.54
1270.0,66493.44,66178.17,66808.71
1275.0,66694.42,66379.39,67009.46
1280.0,66901.24,66586.16,67216.31
1285.0,67118.42,66803.09,67433.74
1290.0,67339.70,67024.64,67654.76
1295.0,67550.74,67236.31,67865.17
1300.0,67769.40,67454.31,68084.49
1305.0,67997.35,67681.93,68312.77
1310.0,68211.24,67894.99,68527.49
1315.0,68424.53,68107.26,68741.81
1320.0,68636.92,68319.92,68953.93
1325.0,68849.97,68533.65,69166.29
1330.0,69062.77,68745.30,69380.25
1335.0,69276.10,68957.37,69594.82
1340.0,69483.48,69163.54,69803.42
1345.0,69700.14,69379.28,70021.00
1350.0,69908.28,69585.83,70230.73
1355.0,70129.67,69805.78,70453.56
1360.0,70343.10,70018.54,70667.65
1365.0,70549.17,70223.97,70874.36
1370.0,70763.83,70438.39,71089.27
1375.0,70980.48,70654.94,71306.02
1380.0,71195.05,70869.08,71521.02
1385.0,71406.69,71081.14,71732.24
1390.0,71620.34,71294.19,71946.48
1395.0,71831.02,71503.85,72158.19
1400.0,72048.24,71721.63,72374.84
1405.0,72266.82,71939.47,72594.16
1410.0,72481.92,72153.50,72810.34
1415.0,72695.78,72366.64,73024.92
1420.0,72902.00,72572.41,73231.59
1425.0,73117.73,72786.35,73449.10
1430.0,73336.69,73004.60,73668.78
1435.0,73543.66,73210.55,73876.78
1440.0,73754.20,73419.96,74088.44
1445.0,73972.51,73638.36,74306.65
1450.0,74183.39,73850.66,74516.11
1455.0,74390.53,74056.69,74724.37
1460.0,74600.26,74265.45,74935.08
1465.0,74810.53,74475.29,75145.76
1470.0,75021.12,74685.54,75356.70
1475.0,75235.02,74899.02,75571.01
1480.0,75441.93,75105.48,75778.37
1485.0,75649.76,75311.74,75987.77
1490.0,75858.01,75517.93,76198.08
1495.0,76064.76,75725.08,76404.43
1500.0,76274.48,75934.64,76614.33
