trial,mean,ci_down,ci_up
0.0,67.76,-503.88,639.40
5.0,67.01,26.91,107.11
10.0,61.12,-133.03,255.27
15.0,74.92,-448.02,597.87
20.0,71.97,-1014.65,1158.59
25.0,62.63,-0.39,125.65
30.0,64.15,-268.14,396.44
35.0,62.74,-233.90,359.38
40.0,68.10,-330.39,466.59
45.0,62.89,56.85,68.94
50.0,71.18,-43.40,185.76
55.0,63.98,-294.08,422.05
60.0,65.86,-363.19,494.91
65.0,71.19,-312.34,454.73
70.0,64.45,-150.39,279.30
75.0,66.88,-83.66,217.43
80.0,73.77,-223.51,371.05
85.0,64.46,-255.73,384.65
90.0,62.84,-455.01,580.68
95.0,65.19,-30.93,161.31
100.0,72.45,-604.86,749.76
105.0,58.50,-190.08,307.07
110.0,61.42,-268.96,391.80
115.0,69.43,3.86,135.00
120.0,65.75,11.32,120.17
125.0,72.42,-70.81,215.65
130.0,72.98,-80.75,226.72
135.0,58.67,-123.06,240.41
140.0,63.65,-305.56,432.86
145.0,69.88,-251.90,391.67
150.0,77.28,14.26,140.30
155.0,64.60,-393.09,522.29
160.0,68.39,-486.37,623.16
165.0,66.57,-710.04,843.18
170.0,72.17,-347.96,492.30
175.0,66.73,47.96,85.51
180.0,59.88,-99.59,219.34
185.0,66.66,-276.14,409.45
190.0,66.10,-200.62,332.82
195.0,64.16,-23.05,151.37
200.0,71.23,-152.52,294.99
205.0,67.88,-36.19,171.96
210.0,66.19,-30.57,162.95
215.0,72.92,-140.97,286.81
220.0,70.99,-181.09,323.07
225.0,79.69,-219.81,379.20
230.0,71.88,-53.52,197.28
235.0,73.88,-479.30,627.06
240.0,75.73,-362.23,513.69
245.0,66.60,-92.54,225.74
250.0,72.27,58.27,86.27
255.0,66.88,-198.89,332.64
260.0,72.24,-2.24,146.72
265.0,67.91,13.48,122.33
270.0,73.61,-107.18,254.40
275.0,68.38,-308.79,445.54
280.0,62.93,-181.20,307.05
285.0,62.48,31.29,93.67
290.0,61.97,-69.49,193.42
295.0,72.72,-787.28,932.72
300.0,67.20,10.87,123.54
305.0,69.61,-129.31,268.54
310.0,68.67,-117.21,254.55
315.0,71.53,-205.06,348.11
320.0,73.39,-332.43,479.20
325.0,68.42,-274.05,410.89
330.0,64.27,-214.55,343.09
335.0,68.06,-508.03,644.15
340.0,63.23,-416.43,542.88
345.0,70.47,-98.86,239.80
350.0,64.08,-161.59,289.74
355.0,62.78,-260.60,386.16
360.0,69.78,-28.56,168.13
365.0,74.44,-271.85,420.73
370.0,61.86,-468.40,592.12
375.0,81.51,14.36,148.67
380.0,65.65,-337.62,468.91
385.0,66.80,-462.19,595.79
390.0,66.42,-225.13,357.97
395.0,69.75,-203.65,343.16
400.0,74.57,-169.24,318.38
405.0,69.96,9.49,130.43
410.0,70.07,-214.79,354.94
415.0,72.23,-121.92,266.38
420.0,67.36,-53.90,188.63
425.0,72.56,-240.32,385.43
430.0,70.59,-408.43,549.60
435.0,66.31,-90.61,223.22
440.0,68.00,57.50,78.51
445.0,71.13,-84.19,226.45
450.0,73.55,-118.38,265.47
455.0,63.01,35.00,91.02
460.0,71.65,32.18,111.12
465.0,66.11,-69.17,201.38
470.0,68.38,-388.68,525.44
475.0,67.22,-127.88,262.33
480.0,70.60,-608.29,749.50
485.0,72.31,-169.26,313.89
490.0,80.87,-215.77,377.51
495.0,70.91,-319.31,461.13
500.0,76.95,54.99,98.92
505.0,72.62,-493.61,638.84
510.0,69.28,-176.76,315.31
515.0,74.05,53.68,94.42
520.0,56.80,-311.46,425.05
525.0,67.77,-39.50,175.03
530.0,72.02,-240.53,384.57
535.0,67.73,-160.47,295.94
540.0,67.42,-721.29,856.13
545.0,65.72,58.39,73.04
550.0,75.06,15.55,134.58
555.0,62.15,-480.84,605.14
560.0,67.96,48.54,87.37
565.0,61.14,-224.36,346.65
570.0,63.41,-667.06,793.87
575.0,66.88,33.46,100.29
580.0,59.11,-78.08,196.29
585.0,58.58,-263.52,380.68
590.0,69.38,15.91,122.85
595.0,71.86,-260.43,404.15
600.0,58.16,-109.57,225.90
605.0,62.34,2.18,122.49
610.0,74.63,-315.90,465.17
615.0,72.86,-162.67,308.39
620.0,83.55,-287.57,454.67
625.0,73.89,-185.83,333.61
630.0,66.74,-257.91,391.39
635.0,61.15,-434.42,556.71
640.0,63.12,-193.73,319.98
645.0,70.97,-319.25,461.19
650.0,68.02,-93.03,229.07
655.0,70.35,48.71,91.99
660.0,72.66,-77.25,222.58
665.0,60.27,-131.97,252.51
670.0,72.80,-244.85,390.45
675.0,65.31,-311.21,441.84
680.0,67.66,-197.47,332.80
685.0,72.62,-37.18,182.43
690.0,67.86,-155.58,291.30
695.0,75.41,31.16,119.65
700.0,67.77,-36.95,172.48
705.0,66.01,-524.72,656.74
710.0,71.56,-213.30,356.43
715.0,71.31,-209.09,351.72
720.0,70.77,-296.85,438.38
725.0,69.23,-185.71,324.18
730.0,71.04,-218.91,361.00
735.0,70.16,54.57,85.76
740.0,65.14,-451.75,582.03
745.0,69.66,-52.25,191.56
750.0,68.56,-138.32,275.44
755.0,65.00,-599.89,729.90
760.0,64.56,44.83,84.29
765.0,56.39,31.24,81.53
770.0,67.97,-612.21,748.14
775.0,73.91,-421.66,569.47
780.0,65.67,-497.06,628.40
785.0,71.56,-432.28,575.41
790.0,68.12,52.21,84.03
795.0,75.37,-78.04,228.78
800.0,61.00,-233.41,355.42
805.0,74.52,-289.28,438.31
810.0,62.73,54.14,71.33
815.0,61.86,-176.53,300.26
820.0,66.98,47.25,86.71
825.0,66.97,-77.21,211.16
830.0,64.72,-115.12,244.55
835.0,73.55,-124.42,271.52
840.0,67.36,19.62,115.10
845.0,62.18,-156.16,280.52
850.0,70.38,-208.44,349.20
855.0,63.91,-265.52,393.33
860.0,70.25,-493.44,633.93
865.0,59.85,-306.81,426.51
870.0,66.90,1.33,132.47
875.0,76.12,-27.32,179.57
880.0,70.36,-185.54,326.26
885.0,65.59,-226.92,358.09
890.0,76.41,-130.47,283.29
895.0,71.77,-59.36,202.90
900.0,69.34,-200.89,339.56
905.0,68.34,-91.44,228.12
910.0,74.09,-246.10,394.28
915.0,75.22,16.33,134.10
920.0,69.82,41.81,97.83
925.0,71.59,-212.96,356.14
930.0,72.07,-231.57,375.71
935.0,72.55,-142.93,288.02
940.0,62.35,-214.56,339.26
945.0,66.69,-345.49,478.86
950.0,69.51,13.49,125.53
955.0,62.01,-125.46,249.47
960.0,74.55,-20.62,169.71
965.0,66.46,-66.27,199.18
970.0,76.04,-134.34,286.43
975.0,68.53,7.42,129.64
980.0,72.22,66.49,77.95
985.0,75.00,-63.45,213.46
990.0,60.70,-84.75,206.16
995.0,75.08,-102.52,252.68
1000.0,68.08,-505.78,641.95
