trial,mean,ci_down,ci_up
0.0,0.00,0.00,0.00
5.0,338.47,321.17,355.76
10.0,613.04,591.70,634.38
15.0,864.88,841.00,888.76
20.0,1100.76,1075.57,1125.96
25.0,1307.21,1279.86,1334.55
30.0,1514.04,1485.88,1542.20
35.0,1701.44,1671.35,1731.54
40.0,1887.64,1856.29,1918.99
45.0,2059.95,2027.96,2091.95
50.0,2233.29,2198.77,2267.81
55.0,2391.41,2355.24,2427.58
60.0,2546.34,2508.92,2583.75
65.0,2701.36,2663.39,2739.32
70.0,2847.39,2809.09,2885.69
75.0,2991.23,2952.37,3030.09
80.0,3135.25,3095.53,3174.97
85.0,3279.40,3239.48,3319.33
90.0,3413.64,3372.96,3454.33
95.0,3550.10,3508.83,3591.38
100.0,3689.86,3647.64,3732.09
105.0,3817.05,3774.71,3859.40
110.0,3950.66,3907.86,3993.46
115.0,4083.48,4038.90,4128.05
120.0,4207.59,4162.83,4252.35
125.0,4332.65,4288.13,4377.17
130.0,4460.14,4414.40,4505.88
135.0,4583.41,4536.61,4630.21
140.0,4703.62,4655.55,4751.69
145.0,4828.32,4779.99,4876.65
150.0,4953.91,4905.24,5002.59
155.0,5073.67,5023.51,5123.83
160.0,5192.26,5140.54,5243.98
165.0,5310.44,5257.67,5363.20
170.0,5427.02,5373.35,5480.68
175.0,5544.03,5490.08,5597.99
180.0,5659.69,5604.41,5714.97
185.0,5778.10,5721.86,5834.34
190.0,5891.90,5835.07,5948.73
195.0,6003.14,5945.10,6061.18
200.0,6116.05,6057.22,6174.89
205.0,6228.57,6169.42,6287.72
210.0,6350.52,6289.37,6411.67
215.0,6466.06,6404.20,6527.92
220.0,6580.69,6518.00,6643.39
225.0,6694.61,6631.29,6757.92
230.0,6806.22,6742.10,6870.34
235.0,6914.51,6849.65,6979.37
240.0,7022.23,6955.81,7088.65
245.0,7130.06,7062.74,7197.37
250.0,7237.91,7169.54,7306.28
255.0,7346.02,7277.51,7414.52
260.0,7456.13,7387.28,7524.98
265.0,7564.58,7494.78,7634.38
270.0,7675.26,7604.63,7745.90
275.0,7779.19,7707.21,7851.18
280.0,7882.24,7809.70,7954.78
285.0,7992.21,7918.01,8066.41
290.0,8102.72,8028.79,8176.65
295.0,8208.63,8133.83,8283.42
300.0,8317.01,8240.75,8393.26
305.0,8424.39,8346.66,8502.12
310.0,8532.13,8453.77,8610.49
315.0,8637.81,8559.15,8716.46
320.0,8742.41,8663.29,8821.52
325.0,8846.67,8766.85,8926.49
330.0,8953.13,8872.86,9033.41
335.0,9059.33,8978.35,9140.32
340.0,9162.81,9081.38,9244.24
345.0,9262.95,9181.11,9344.80
350.0,9364.17,9282.08,9446.26
355.0,9468.65,9386.12,9551.18
360.0,9571.59,9488.35,9654.84
365.0,9675.29,9591.51,9759.07
370.0,9779.46,9695.38,9863.55
375.0,9879.85,9794.73,9964.97
380.0,9981.58,9895.30,10067.85
385.0,10087.15,9999.53,10174.77
390.0,10188.68,10099.93,10277.42
395.0,10292.76,10203.45,10382.07
400.0,10397.73,10308.11,10487.34
405.0,10497.72,10407.31,10588.12
410.0,10594.15,10502.34,10685.96
415.0,10697.19,10604.88,10789.49
420.0,10797.88,10704.43,10891.33
425.0,10898.40,10804.65,10992.16
430.0,10996.80,10902.58,11091.01
435.0,11105.22,11009.59,11200.86
440.0,11206.83,11111.01,11302.65
445.0,11309.90,11213.83,11405.97
450.0,11408.83,11311.78,11505.88
455.0,11506.87,11408.89,11604.84
460.0,11603.81,11505.60,11702.02
465.0,11705.37,11606.41,11804.33
470.0,11808.01,11708.00,11908.01
475.0,11904.76,11804.06,12005.45
480.0,12002.04,11900.79,12103.29
485.0,12105.10,12003.71,12206.48
490.0,12202.66,12099.81,12305.51
495.0,12298.08,12194.42,12401.74
500.0,12394.91,12290.02,12499.79
505.0,12488.26,12382.79,12593.72
510.0,12587.18,12481.25,12693.10
515.0,12681.57,12575.09,12788.04
520.0,12778.86,12672.01,12885.72
525.0,12875.22,12767.88,12982.55
530.0,12969.16,12860.75,13077.57
535.0,13067.55,12958.18,13176.92
540.0,13163.36,13053.76,13272.96
545.0,13261.94,13151.40,13372.48
550.0,13355.86,13245.23,13466.49
555.0,13452.39,13340.58,13564.20
560.0,13545.41,13432.99,13657.82
565.0,13640.70,13527.65,13753.75
570.0,13731.66,13617.83,13845.50
575.0,13826.70,13712.17,13941.23
580.0,13920.01,13805.01,14035.01
585.0,14013.42,13898.03,14128.80
590.0,14105.48,13989.80,14221.17
595.0,14198.21,14082.58,14313.83
600.0,14289.60,14174.20,14405.00
605.0,14383.89,14267.88,14499.90
610.0,14474.92,14358.18,14591.66
615.0,14566.80,14449.71,14683.89
620.0,14658.21,14540.23,14776.18
625.0,14751.44,14632.94,14869.94
630.0,14843.69,14724.60,14962.78
635.0,14933.92,14814.64,15053.19
640.0,15022.91,14902.97,15142.84
645.0,15115.35,14994.97,15235.73
650.0,15203.17,15082.13,15324.21
655.0,15291.99,15170.84,15413.14
660.0,15379.23,15257.23,15501.23
665.0,15469.05,15346.71,15591.38
670.0,15558.68,15436.15,15681.21
675.0,15653.01,15529.31,15776.72
680.0,15742.67,15618.51,15866.83
685.0,15830.73,15706.84,15954.61
690.0,15920.36,15795.96,16044.77
695.0,16009.39,15884.31,16134.48
700.0,16102.22,15976.67,16227.78
705.0,16192.15,16066.00,16318.30
710.0,16277.82,16150.66,16404.98
715.0,16364.38,16237.51,16491.25
720.0,16454.28,16327.04,16581.52
725.0,16539.62,16411.97,16667.26
730.0,16625.83,16497.81,16753.84
735.0,16712.99,16584.27,16841.71
740.0,16799.49,16670.57,16928.40
745.0,16885.77,16756.35,17015.20
750.0,16977.12,16847.24,17107.00
755.0,17061.86,16930.86,17192.86
760.0,17149.86,17019.02,17280.69
765.0,17237.99,17107.15,17368.84
770.0,17323.47,17192.95,17454.00
775.0,17412.69,17281.55,17543.83
780.0,17494.43,17362.92,17625.94
785.0,17578.40,17446.29,17710.51
790.0,17661.62,17529.20,17794.04
795.0,17746.79,17613.90,17879.69
800.0,17831.44,17698.23,17964.65
805.0,17919.91,17786.29,18053.52
810.0,18009.32,17875.17,18143.47
815.0,18094.88,17960.62,18229.14
820.0,18182.30,18048.02,18316.57
825.0,18264.94,18130.44,18399.44
830.0,18352.50,18217.45,18487.54
835.0,18436.79,18301.42,18572.17
840.0,18519.04,18383.33,18654.75
845.0,18605.06,18468.81,18741.32
850.0,18688.76,18551.96,18825.56
855.0,18774.73,18637.57,18911.89
860.0,18858.06,18721.03,18995.09
865.0,18942.21,18804.81,19079.62
870.0,19021.59,18884.51,19158.68
875.0,19104.00,18966.34,19241.66
880.0,19190.19,19051.57,19328.81
885.0,19275.28,19136.02,19414.54
890.0,19360.23,19220.35,19500.11
895.0,19446.53,19306.76,19586.30
900.0,19528.85,19389.39,19668.32
905.0,19611.48,19471.04,19751.92
910.0,19692.51,19551.38,19833.64
915.0,19779.60,19638.21,19921.00
920.0,19863.21,19721.55,20004.86
925.0,19944.50,19802.52,20086.48
930.0,20027.08,19884.26,20169.90
935.0,20104.61,19961.29,20247.93
940.0,20184.28,20040.75,20327.82
945.0,20265.77,20121.30,20410.25
950.0,20348.41,20204.16,20492.65
955.0,20428.94,20284.69,20573.19
960.0,20507.64,20363.20,20652.09
965.0,20590.81,20446.13,20735.49
970.0,20669.81,20525.00,20814.62
975.0,20751.17,20605.12,20897.22
980.0,20832.53,20686.12,20978.95
985.0,20914.57,20768.18,21060.95
990.0,20995.45,20848.03,21142.86
995.0,21075.83,20928.27,21223.38
1000.0,21155.43,21007.38,21303.49
1005.0,21237.04,21088.06,21386.03
1010.0,21316.54,21166.92,21466.16
1015.0,21398.56,21248.36,21548.77
1020.0,21477.05,21325.71,21628.40
1025.0,21556.38,21404.87,21707.88
1030.0,21636.25,21483.83,21788.68
1035.0,21717.89,21564.95,21870.84
1040.0,21794.21,21640.13,21948.29
1045.0,21874.13,21719.48,22028.78
1050.0,21954.53,21799.25,22109.82
1055.0,22033.77,21878.02,22189.52
1060.0,22114.02,21957.79,22270.24
1065.0,22192.23,22036.09,22348.37
1070.0,22270.36,22114.40,22426.32
1075.0,22347.05,22191.00,22503.10
1080.0,22424.08,22267.81,22580.35
1085.0,22498.30,22341.86,22654.75
1090.0,22574.97,22418.29,22731.65
1095.0,22650.99,22493.54,22808.44
1100.0,22726.45,22568.39,22884.51
1105.0,22805.98,22647.58,22964.38
1110.0,22883.11,22724.73,23041.49
1115.0,22960.79,22802.25,23119.33
1120.0,23040.52,22881.03,23200.00
1125.0,23114.30,22954.58,23274.01
1130.0,23194.43,23034.12,23354.73
1135.0,23274.19,23113.69,23434.69
1140.0,23350.73,23190.40,23511.06
1145.0,23427.93,23267.23,23588.62
1150.0,23501.41,23340.41,23662.40
1155.0,23576.52,23414.99,23738.04
1160.0,23654.06,23492.18,23815.94
1165.0,23731.20,23568.24,23894.16
1170.0,23808.16,23644.96,23971.36
1175.0,23886.90,23723.35,24050.45
1180.0,23967.19,23803.10,24131.28
1185.0,24044.08,23879.62,24208.54
1190.0,24123.78,23959.74,24287.81
1195.0,24197.05,24033.03,24361.07
1200.0,24272.00,24107.13,24436.87
1205.0,24344.90,24179.56,24510.23
1210.0,24420.62,24255.18,24586.06
1215.0,24495.70,24330.38,24661.02
1220.0,24570.97,24405.85,24736.08
1225.0,24646.55,24481.21,24811.89
1230.0,24721.25,24555.73,24886.78
1235.0,24797.47,24632.14,24962.81
1240.0,24869.91,24704.09,25035.73
1245.0,24943.78,24777.60,25109.96
1250.0,25021.07,24854.76,25187.37
1255.0,25095.16,24928.97,25261.36
1260.0,25163.93,24997.54,25330.33
1265.0,25238.26,25071.33,25405.19
1270.0,25313.41,25145.58,25481.24
1275.0,25387.64,25220.13,25555.15
1280.0,25460.31,25293.00,25627.63
1285.0,25534.38,25367.05,25701.71
1290.0,25608.70,25440.89,25776.51
1295.0,25684.86,25516.80,25852.92
1300.0,25757.46,25589.51,25925.40
1305.0,25831.72,25663.63,25999.81
1310.0,25903.31,25734.67,26071.96
1315.0,25977.76,25809.39,26146.12
1320.0,26054.53,25886.05,26223.02
1325.0,26128.04,25958.99,26297.09
1330.0,26205.21,26035.51,26374.92
1335.0,26280.34,26109.89,26450.78
1340.0,26353.39,26183.01,26523.76
1345.0,26421.51,26250.68,26592.33
1350.0,26494.63,26323.75,26665.52
1355.0,26564.86,26394.00,26735.71
1360.0,26638.61,26467.77,26809.45
1365.0,26710.30,26539.58,26881.02
1370.0,26781.80,26610.91,26952.69
1375.0,26855.04,26683.81,27026.27
1380.0,26925.50,26753.74,27097.25
1385.0,26995.84,26823.96,27167.73
1390.0,27068.75,26896.72,27240.77
1395.0,27143.00,26971.00,27315.00
1400.0,27216.48,27044.16,27388.79
1405.0,27288.47,27115.59,27461.34
1410.0,27362.40,27188.89,27535.91
1415.0,27434.81,27261.37,27608.25
1420.0,27505.99,27332.59,27679.39
1425.0,27576.95,27403.32,27750.58
1430.0,27650.66,27476.53,27824.79
1435.0,27721.69,27547.32,27896.07
1440.0,27789.57,27615.00,27964.15
1445.0,27859.00,27684.73,28033.27
1450.0,27928.61,27754.49,28102.74
1455.0,27998.84,27824.64,28173.04
1460.0,28066.69,27892.15,28241.23
1465.0,28135.28,27960.05,28310.51
1470.0,28208.31,28032.61,28384.00
1475.0,28276.65,28100.48,28452.81
1480.0,28347.31,28170.57,28524.05
1485.0,28418.19,28241.38,28595.01
1490.0,28489.13,28312.41,28665.84
1495.0,28556.92,28379.98,28733.87
1500.0,28627.45,28450.65,28804.25
