trial,mean,ci_down,ci_up
0.0,34.70,31.40,38.00
5.0,31.99,25.15,38.83
10.0,29.66,24.70,34.62
15.0,33.13,29.30,36.96
20.0,32.88,27.92,37.84
25.0,33.18,31.40,34.97
30.0,35.02,32.38,37.66
35.0,31.88,27.63,36.12
40.0,35.51,32.36,38.66
45.0,33.94,31.29,36.59
50.0,37.59,27.66,47.53
55.0,33.59,27.79,39.39
60.0,32.37,29.13,35.60
65.0,32.23,28.29,36.17
70.0,35.34,31.75,38.92
75.0,32.70,28.53,36.86
80.0,33.10,26.75,39.45
85.0,35.48,32.29,38.66
90.0,33.65,27.71,39.60
95.0,40.82,36.87,44.77
100.0,32.45,29.17,35.74
105.0,35.49,29.63,41.34
110.0,30.81,24.67,36.95
115.0,34.73,30.74,38.72
120.0,30.82,27.79,33.85
125.0,28.65,23.25,34.04
130.0,33.70,28.17,39.23
135.0,32.80,27.00,38.61
140.0,35.08,31.44,38.72
145.0,26.77,23.54,30.00
150.0,34.46,31.44,37.47
155.0,33.42,28.90,37.95
160.0,35.10,30.14,40.07
165.0,32.31,27.67,36.96
170.0,35.11,29.95,40.27
175.0,35.03,31.12,38.95
180.0,34.27,30.68,37.85
185.0,31.88,26.86,36.89
190.0,33.79,31.06,36.53
195.0,32.31,28.63,35.99
200.0,28.69,24.69,32.70
205.0,32.74,28.94,36.54
210.0,33.08,28.21,37.95
215.0,29.20,25.01,33.39
220.0,37.47,34.12,40.82
225.0,34.21,30.35,38.07
230.0,33.75,30.58,36.93
235.0,30.50,26.15,34.85
240.0,36.40,33.44,39.35
245.0,34.00,30.36,37.63
250.0,31.46,25.82,37.10
255.0,34.22,29.36,39.07
260.0,32.72,25.65,39.80
265.0,35.98,30.05,41.91
270.0,29.03,25.47,32.59
275.0,37.90,35.26,40.53
280.0,33.74,26.08,41.39
285.0,31.91,27.35,36.46
290.0,34.29,31.07,37.51
295.0,33.70,25.34,42.06
300.0,31.33,28.13,34.53
305.0,33.19,29.58,36.81
310.0,36.39,32.48,40.31
315.0,29.65,23.24,36.05
320.0,33.51,28.09,38.92
325.0,34.60,25.80,43.39
330.0,34.94,31.99,37.88
335.0,31.53,26.81,36.25
340.0,37.32,32.31,42.32
345.0,34.13,29.29,38.98
350.0,33.37,29.35,37.39
355.0,35.71,30.57,40.86
360.0,32.23,27.16,37.31
365.0,32.41,27.52,37.30
370.0,32.73,29.12,36.34
375.0,32.61,26.68,38.54
380.0,36.65,33.47,39.83
385.0,32.79,28.11,37.47
390.0,36.21,31.95,40.47
395.0,36.35,30.70,42.00
400.0,33.42,26.61,40.24
405.0,32.39,26.65,38.13
410.0,33.05,29.57,36.54
415.0,32.81,29.33,36.30
420.0,39.13,35.27,42.98
425.0,33.23,27.61,38.86
430.0,34.73,31.80,37.67
435.0,34.27,27.67,40.87
440.0,33.72,30.45,36.98
445.0,32.44,30.09,34.79
450.0,33.68,29.57,37.80
455.0,34.12,27.95,40.29
460.0,35.12,31.61,38.63
465.0,36.27,33.77,38.76
470.0,34.42,32.90,35.94
475.0,30.70,27.66,33.75
480.0,32.56,25.60,39.52
485.0,31.65,28.24,35.07
490.0,35.84,32.10,39.57
495.0,31.53,28.97,34.09
500.0,30.67,25.28,36.06
505.0,29.82,27.00,32.64
510.0,33.13,28.07,38.18
515.0,33.50,30.22,36.78
520.0,34.06,30.03,38.09
525.0,35.95,29.98,41.91
530.0,33.11,29.76,36.46
535.0,33.74,29.23,38.24
540.0,31.40,25.89,36.91
545.0,34.40,28.64,40.16
550.0,37.49,34.65,40.34
555.0,34.58,32.06,37.11
560.0,30.42,26.98,33.86
565.0,36.18,33.57,38.78
570.0,31.68,27.62,35.74
575.0,33.16,27.55,38.77
580.0,34.80,27.89,41.71
585.0,32.40,31.43,33.38
590.0,34.29,31.61,36.97
595.0,34.31,29.77,38.85
600.0,33.36,28.85,37.88
605.0,33.07,29.06,37.07
610.0,29.71,26.70,32.71
615.0,31.55,28.34,34.77
620.0,35.80,31.38,40.21
625.0,38.55,34.03,43.07
630.0,33.41,30.12,36.70
635.0,36.16,32.34,39.98
640.0,31.44,25.55,37.34
645.0,37.69,35.13,40.25
650.0,29.65,27.23,32.07
655.0,26.87,25.34,28.40
660.0,28.65,27.25,30.05
665.0,32.96,31.02,34.90
670.0,33.56,28.59,38.53
675.0,40.25,33.33,47.18
680.0,34.66,28.66,40.65
685.0,34.93,28.77,41.09
690.0,32.26,28.42,36.10
695.0,34.93,31.37,38.48
700.0,33.88,29.38,38.39
705.0,31.11,26.65,35.58
710.0,31.05,28.00,34.09
715.0,34.52,29.38,39.65
720.0,32.82,28.05,37.59
725.0,33.07,25.80,40.33
730.0,33.32,29.74,36.90
735.0,33.90,27.00,40.80
740.0,35.28,25.53,45.04
745.0,33.48,28.15,38.81
750.0,37.52,30.50,44.54
755.0,33.70,27.27,40.13
760.0,33.59,28.48,38.69
765.0,33.16,28.19,38.13
770.0,28.04,26.38,29.69
775.0,32.78,24.48,41.08
780.0,34.45,29.31,39.58
785.0,37.90,35.69,40.10
790.0,30.90,26.63,35.18
795.0,32.82,26.88,38.75
800.0,35.07,31.30,38.84
805.0,31.27,29.05,33.50
810.0,30.93,24.96,36.90
815.0,31.47,26.34,36.60
820.0,30.99,25.56,36.42
825.0,35.34,32.86,37.82
830.0,37.61,31.27,43.96
835.0,35.14,31.17,39.11
840.0,35.71,30.62,40.80
845.0,32.34,27.47,37.22
850.0,33.84,26.71,40.97
855.0,33.65,29.33,37.97
860.0,32.03,27.72,36.35
865.0,35.13,30.78,39.48
870.0,37.25,33.03,41.48
875.0,29.48,24.64,34.33
880.0,30.71,24.77,36.64
885.0,32.47,28.47,36.48
890.0,35.08,27.87,42.29
895.0,28.49,20.84,36.14
900.0,33.01,31.17,34.84
905.0,33.10,28.02,38.18
910.0,34.85,30.60,39.11
915.0,35.59,31.82,39.36
920.0,35.11,31.19,39.03
925.0,34.65,32.53,36.78
930.0,31.73,28.58,34.89
935.0,31.67,25.48,37.85
940.0,36.27,28.77,43.76
945.0,32.49,21.86,43.11
950.0,38.53,30.17,46.88
955.0,32.96,28.36,37.56
960.0,31.81,27.16,36.45
965.0,34.24,29.75,38.73
970.0,31.10,27.21,34.99
975.0,31.35,27.37,35.33
980.0,32.68,27.62,37.75
985.0,33.86,32.91,34.81
990.0,28.54,24.41,32.66
995.0,32.38,30.08,34.68
1000.0,33.59,31.70,35.49
