trial,mean,ci_down,ci_up
0.0,0.00,0.00,0.00
5.0,238.81,225.08,252.55
10.0,491.07,470.89,511.24
15.0,754.73,730.68,778.79
20.0,1016.57,987.68,1045.46
25.0,1281.27,1250.43,1312.11
30.0,1530.48,1497.98,1562.98
35.0,1789.03,1754.36,1823.70
40.0,2037.97,2002.55,2073.39
45.0,2295.02,2258.62,2331.41
50.0,2539.48,2502.59,2576.37
55.0,2791.29,2751.00,2831.57
60.0,3042.60,2999.98,3085.22
65.0,3291.05,3247.31,3334.78
70.0,3532.12,3485.71,3578.53
75.0,3775.75,3727.78,3823.72
80.0,4028.46,3978.21,4078.70
85.0,4267.28,4217.49,4317.07
90.0,4528.30,4475.52,4581.08
95.0,4790.35,4733.77,4846.93
100.0,5029.81,4972.12,5087.51
105.0,5274.14,5214.84,5333.43
110.0,5536.80,5474.56,5599.04
115.0,5766.25,5701.39,5831.11
120.0,6004.97,5938.45,6071.49
125.0,6253.12,6188.09,6318.15
130.0,6500.76,6435.58,6565.93
135.0,6739.16,6673.61,6804.72
140.0,6990.75,6923.41,7058.08
145.0,7247.73,7178.60,7316.87
150.0,7491.81,7422.02,7561.59
155.0,7727.49,7655.76,7799.21
160.0,7983.20,7908.49,8057.91
165.0,8230.33,8154.34,8306.33
170.0,8472.53,8396.00,8549.06
175.0,8722.57,8644.76,8800.39
180.0,8964.54,8887.19,9041.88
185.0,9208.51,9130.80,9286.23
190.0,9450.05,9371.18,9528.91
195.0,9703.15,9622.37,9783.92
200.0,9937.47,9856.10,10018.85
205.0,10174.50,10092.09,10256.90
210.0,10425.42,10342.82,10508.02
215.0,10659.33,10577.02,10741.63
220.0,10916.45,10832.24,11000.66
225.0,11153.03,11067.89,11238.18
230.0,11404.98,11318.53,11491.44
235.0,11648.39,11560.75,11736.03
240.0,11902.72,11814.99,11990.46
245.0,12147.11,12055.45,12238.77
250.0,12377.38,12285.37,12469.39
255.0,12617.11,12522.65,12711.57
260.0,12862.34,12766.72,12957.95
265.0,13104.02,13006.95,13201.09
270.0,13347.34,13250.37,13444.31
275.0,13595.09,13496.28,13693.90
280.0,13843.77,13743.04,13944.50
285.0,14097.84,13996.13,14199.55
290.0,14327.83,14223.85,14431.81
295.0,14581.28,14476.38,14686.19
300.0,14805.86,14699.66,14912.06
305.0,15039.63,14932.05,15147.22
310.0,15289.98,15181.38,15398.58
315.0,15543.76,15433.79,15653.73
320.0,15780.36,15672.00,15888.73
325.0,16010.78,15902.40,16119.16
330.0,16251.39,16143.06,16359.72
335.0,16486.69,16378.65,16594.74
340.0,16720.08,16611.51,16828.66
345.0,16965.55,16855.33,17075.78
350.0,17204.90,17093.31,17316.49
355.0,17462.61,17349.80,17575.42
360.0,17701.49,17588.11,17814.86
365.0,17944.78,17830.66,18058.90
370.0,18184.93,18068.46,18301.41
375.0,18424.30,18307.28,18541.32
380.0,18659.30,18541.11,18777.49
385.0,18906.39,18784.77,19028.01
390.0,19147.79,19025.98,19269.59
395.0,19394.65,19270.74,19518.56
400.0,19617.77,19492.87,19742.67
405.0,19868.23,19743.85,19992.60
410.0,20106.54,19981.81,20231.27
415.0,20347.99,20223.07,20472.91
420.0,20590.92,20464.05,20717.78
425.0,20832.94,20706.27,20959.60
430.0,21062.21,20935.93,21188.49
435.0,21299.04,21171.68,21426.40
440.0,21521.87,21394.59,21649.15
445.0,21742.03,21614.33,21869.72
450.0,21989.14,21859.05,22119.23
455.0,22218.02,22086.63,22349.42
460.0,22452.39,22320.42,22584.36
465.0,22687.24,22553.12,22821.36
470.0,22939.24,22804.54,23073.95
475.0,23177.73,23043.59,23311.87
480.0,23436.32,23301.70,23570.93
485.0,23681.09,23545.63,23816.55
490.0,23916.05,23780.17,24051.93
495.0,24157.03,24021.71,24292.35
500.0,24391.01,24254.93,24527.08
505.0,24645.28,24509.49,24781.06
510.0,24894.33,24757.63,25031.03
515.0,25123.72,24987.26,25260.19
520.0,25362.77,25225.49,25500.04
525.0,25610.84,25474.11,25747.56
530.0,25846.10,25708.54,25983.66
535.0,26070.72,25932.26,26209.19
540.0,26322.40,26183.44,26461.36
545.0,26570.44,26429.72,26711.15
550.0,26825.52,26683.63,26967.41
555.0,27058.20,26913.84,27202.56
560.0,27289.19,27143.59,27434.79
565.0,27518.58,27372.65,27664.51
570.0,27750.89,27604.92,27896.86
575.0,27997.66,27853.09,28142.23
580.0,28232.19,28088.01,28376.37
585.0,28475.67,28330.74,28620.61
590.0,28701.31,28556.51,28846.11
595.0,28943.68,28797.59,29089.78
600.0,29184.83,29038.39,29331.27
605.0,29428.60,29280.32,29576.88
610.0,29669.67,29520.14,29819.21
615.0,29903.33,29753.97,30052.69
620.0,30150.60,29999.37,30301.84
625.0,30391.22,30240.01,30542.43
630.0,30630.66,30480.34,30780.97
635.0,30882.71,30731.11,31034.32
640.0,31126.97,30974.41,31279.53
645.0,31371.47,31217.96,31524.98
650.0,31603.89,31449.00,31758.79
655.0,31835.66,31679.63,31991.68
660.0,32074.07,31917.27,32230.88
665.0,32297.75,32140.04,32455.45
670.0,32522.67,32364.10,32681.23
675.0,32758.37,32598.33,32918.42
680.0,32995.23,32833.54,33156.92
685.0,33233.28,33070.68,33395.88
690.0,33465.83,33302.12,33629.54
695.0,33690.24,33527.04,33853.44
700.0,33943.85,33780.77,34106.93
705.0,34184.73,34019.91,34349.55
710.0,34409.98,34245.15,34574.82
715.0,34642.46,34477.09,34807.83
720.0,34872.34,34704.92,35039.76
725.0,35102.06,34934.85,35269.27
730.0,35339.26,35171.97,35506.55
735.0,35575.02,35407.73,35742.31
740.0,35817.62,35648.77,35986.47
745.0,36055.74,35886.97,36224.51
750.0,36290.66,36119.40,36461.91
755.0,36525.55,36354.42,36696.68
760.0,36756.40,36584.83,36927.96
765.0,37001.76,36830.73,37172.78
770.0,37235.27,37062.93,37407.61
775.0,37484.40,37311.91,37656.90
780.0,37711.08,37537.97,37884.20
785.0,37948.90,37773.62,38124.17
790.0,38199.33,38023.23,38375.43
795.0,38419.77,38243.58,38595.96
800.0,38646.63,38470.70,38822.56
805.0,38872.62,38696.82,39048.41
810.0,39113.88,38936.84,39290.91
815.0,39346.09,39166.92,39525.26
820.0,39563.45,39384.10,39742.79
825.0,39800.77,39621.92,39979.61
830.0,40043.03,39862.27,40223.80
835.0,40292.03,40111.20,40472.87
840.0,40522.44,40340.87,40704.01
845.0,40754.15,40571.16,40937.13
850.0,40992.08,40808.29,41175.87
855.0,41227.03,41043.00,41411.07
860.0,41464.18,41280.50,41647.86
865.0,41696.13,41511.06,41881.20
870.0,41931.27,41746.28,42116.26
875.0,42161.15,41976.35,42345.96
880.0,42391.28,42205.69,42576.88
885.0,42612.31,42425.21,42799.40
890.0,42845.52,42657.68,43033.36
895.0,43085.82,42898.82,43272.82
900.0,43311.11,43123.08,43499.13
905.0,43548.70,43360.82,43736.59
910.0,43785.77,43596.83,43974.71
915.0,44025.27,43835.28,44215.25
920.0,44266.55,44075.54,44457.56
925.0,44491.79,44300.55,44683.02
930.0,44728.51,44538.25,44918.78
935.0,44963.75,44773.46,45154.04
940.0,45194.02,45004.93,45383.11
945.0,45423.47,45234.61,45612.34
950.0,45662.73,45473.55,45851.91
955.0,45894.45,45703.72,46085.17
960.0,46113.92,45922.42,46305.42
965.0,46340.44,46149.09,46531.78
970.0,46565.65,46374.34,46756.96
975.0,46791.41,46598.52,46984.30
980.0,47021.40,46828.91,47213.89
985.0,47251.47,47058.22,47444.73
990.0,47491.63,47296.90,47686.36
995.0,47726.27,47530.03,47922.51
1000.0,47962.14,47765.10,48159.18
1005.0,48183.72,47986.08,48381.37
1010.0,48425.38,48228.81,48621.96
1015.0,48650.82,48455.68,48845.97
1020.0,48880.02,48684.62,49075.42
1025.0,49114.19,48917.88,49310.49
1030.0,49345.41,49147.55,49543.26
1035.0,49575.60,49374.97,49776.24
1040.0,49794.58,49593.09,49996.07
1045.0,50030.37,49829.38,50231.37
1050.0,50264.46,50063.85,50465.06
1055.0,50501.49,50299.77,50703.21
1060.0,50737.69,50535.13,50940.26
1065.0,50972.82,50769.78,51175.87
1070.0,51201.94,50996.55,51407.33
1075.0,51428.15,51223.60,51632.69
1080.0,51655.21,51449.44,51860.98
1085.0,51879.23,51673.70,52084.76
1090.0,52111.59,51906.09,52317.08
1095.0,52343.45,52138.03,52548.88
1100.0,52572.98,52366.68,52779.28
1105.0,52799.86,52592.66,53007.07
1110.0,53023.98,52814.71,53233.25
1115.0,53237.69,53027.68,53447.70
1120.0,53467.17,53257.47,53676.86
1125.0,53698.45,53487.46,53909.45
1130.0,53927.63,53717.21,54138.06
1135.0,54152.88,53941.92,54363.84
1140.0,54372.18,54161.16,54583.20
1145.0,54595.95,54385.21,54806.69
1150.0,54819.12,54608.79,55029.46
1155.0,55048.46,54839.33,55257.59
1160.0,55279.97,55071.04,55488.89
1165.0,55512.64,55303.95,55721.32
1170.0,55743.18,55534.21,55952.15
1175.0,55972.75,55762.96,56182.54
1180.0,56204.41,55992.19,56416.62
1185.0,56426.08,56213.47,56638.70
1190.0,56662.14,56448.88,56875.39
1195.0,56877.31,56664.25,57090.36
1200.0,57097.03,56884.61,57309.44
1205.0,57316.72,57105.40,57528.03
1210.0,57540.63,57330.75,57750.52
1215.0,57765.60,57555.57,57975.63
1220.0,58007.99,57798.71,58217.28
1225.0,58234.82,58026.19,58443.45
1230.0,58469.63,58261.45,58677.80
1235.0,58710.17,58502.08,58918.25
1240.0,58943.88,58736.32,59151.43
1245.0,59189.33,58981.60,59397.07
1250.0,59419.05,59211.26,59626.83
1255.0,59645.60,59438.64,59852.57
1260.0,59863.66,59656.14,60071.17
1265.0,60084.41,59876.77,60292.05
1270.0,60295.54,60087.64,60503.44
1275.0,60518.95,60310.39,60727.52
1280.0,60760.34,60553.32,60967.37
1285.0,61002.66,60793.71,61211.60
1290.0,61217.74,61007.55,61427.93
1295.0,61444.94,61233.40,61656.49
1300.0,61688.88,61477.58,61900.17
1305.0,61932.17,61719.73,62144.61
1310.0,62165.03,61951.75,62378.32
1315.0,62407.42,62194.05,62620.80
1320.0,62630.77,62415.95,62845.60
1325.0,62872.59,62659.60,63085.59
1330.0,63100.60,62887.49,63313.72
1335.0,63332.01,63118.48,63545.53
1340.0,63551.36,63337.71,63765.01
1345.0,63794.62,63580.39,64008.85
1350.0,64021.82,63806.12,64237.52
1355.0,64246.59,64031.25,64461.94
1360.0,64482.25,64267.48,64697.02
1365.0,64713.22,64498.16,64928.28
1370.0,64924.37,64709.20,65139.55
1375.0,65153.70,64937.51,65369.89
1380.0,65374.60,65158.40,65590.81
1385.0,65602.63,65386.12,65819.13
1390.0,65830.51,65614.91,66046.11
1395.0,66048.81,65834.43,66263.19
1400.0,66266.19,66052.54,66479.85
1405.0,66494.30,66278.21,66710.38
1410.0,66724.03,66506.90,66941.17
1415.0,66947.98,66730.28,67165.68
1420.0,67198.41,66980.04,67416.79
1425.0,67409.58,67191.63,67627.52
1430.0,67635.02,67418.02,67852.02
1435.0,67848.66,67632.24,68065.07
1440.0,68071.21,67853.96,68288.46
1445.0,68287.32,68070.01,68504.63
1450.0,68523.58,68307.77,68739.39
1455.0,68746.90,68532.19,68961.62
1460.0,68980.78,68766.37,69195.18
1465.0,69207.15,68992.64,69421.65
1470.0,69453.77,69237.33,69670.21
1475.0,69688.88,69472.63,69905.13
1480.0,69922.91,69708.15,70137.67
1485.0,70148.24,69932.78,70363.70
1490.0,70371.66,70156.45,70586.86
1495.0,70600.14,70383.50,70816.77
1500.0,70837.20,70620.44,71053.96
