trial,mean,ci_down,ci_up
0.0,25.78,25.23,26.34
5.0,25.93,25.37,26.50
10.0,25.88,25.33,26.43
15.0,25.02,24.50,25.55
20.0,25.43,24.94,25.93
25.0,25.51,24.99,26.03
30.0,25.02,24.47,25.58
35.0,25.56,25.01,26.11
40.0,25.36,24.84,25.89
45.0,25.29,24.79,25.79
50.0,25.21,24.70,25.73
55.0,25.36,24.84,25.88
60.0,25.50,24.96,26.04
65.0,25.64,25.11,26.17
70.0,25.30,24.79,25.82
75.0,25.22,24.68,25.76
80.0,24.95,24.42,25.47
85.0,25.12,24.59,25.65
90.0,25.30,24.78,25.82
95.0,25.29,24.72,25.86
100.0,24.91,24.36,25.46
105.0,25.72,25.22,26.22
110.0,24.96,24.44,25.47
115.0,24.93,24.45,25.40
120.0,25.66,25.11,26.22
125.0,25.18,24.64,25.71
130.0,24.94,24.40,25.48
135.0,25.23,24.69,25.78
140.0,25.21,24.70,25.73
145.0,24.65,24.06,25.24
150.0,24.71,24.14,25.28
155.0,24.81,24.29,25.32
160.0,25.15,24.61,25.69
165.0,24.80,24.26,25.34
170.0,24.94,24.39,25.48
175.0,25.02,24.46,25.59
180.0,25.16,24.61,25.72
185.0,24.72,24.21,25.23
190.0,24.59,24.08,25.11
195.0,24.76,24.24,25.29
200.0,25.00,24.48,25.51
205.0,24.71,24.25,25.18
210.0,24.68,24.15,25.21
215.0,24.36,23.82,24.90
220.0,24.57,24.07,25.08
225.0,25.43,24.93,25.93
230.0,24.83,24.31,25.34
235.0,24.37,23.87,24.87
240.0,24.88,24.32,25.44
245.0,24.94,24.43,25.45
250.0,25.08,24.53,25.64
255.0,24.97,24.49,25.46
260.0,24.34,23.86,24.82
265.0,24.72,24.15,25.29
270.0,24.96,24.48,25.45
275.0,24.71,24.23,25.20
280.0,25.05,24.49,25.62
285.0,24.88,24.33,25.43
290.0,24.50,23.96,25.04
295.0,24.58,24.08,25.09
300.0,24.60,24.10,25.10
305.0,24.06,23.56,24.55
310.0,24.56,24.05,25.06
315.0,24.26,23.70,24.82
320.0,23.96,23.44,24.49
325.0,24.91,24.38,25.45
330.0,23.77,23.28,24.25
335.0,24.53,23.99,25.07
340.0,24.60,24.11,25.09
345.0,24.79,24.23,25.35
350.0,24.69,24.21,25.17
355.0,24.81,24.32,25.30
360.0,24.20,23.74,24.65
365.0,24.54,24.01,25.06
370.0,24.24,23.69,24.78
375.0,24.26,23.76,24.77
380.0,24.13,23.64,24.61
385.0,24.62,24.07,25.17
390.0,24.14,23.65,24.64
395.0,24.54,24.02,25.06
400.0,24.07,23.58,24.55
405.0,24.27,23.75,24.80
410.0,24.64,24.11,25.18
415.0,24.67,24.13,25.21
420.0,24.45,23.92,24.99
425.0,23.89,23.41,24.38
430.0,24.42,23.97,24.88
435.0,24.31,23.81,24.81
440.0,24.53,24.06,25.00
445.0,24.89,24.36,25.41
450.0,24.47,23.95,24.99
455.0,23.61,23.10,24.12
460.0,24.02,23.56,24.49
465.0,24.50,23.92,25.08
470.0,24.47,23.94,24.99
475.0,24.97,24.45,25.49
480.0,23.56,23.07,24.04
485.0,24.37,23.85,24.89
490.0,24.35,23.83,24.88
495.0,23.99,23.45,24.53
500.0,24.82,24.29,25.35
505.0,24.39,23.84,24.94
510.0,23.75,23.26,24.24
515.0,23.85,23.35,24.34
520.0,24.27,23.75,24.79
525.0,23.79,23.29,24.30
530.0,23.95,23.45,24.46
535.0,23.89,23.36,24.42
540.0,23.80,23.31,24.29
545.0,24.45,23.91,24.99
550.0,24.23,23.74,24.71
555.0,23.89,23.41,24.36
560.0,24.35,23.86,24.84
565.0,24.20,23.68,24.72
570.0,24.44,23.91,24.98
575.0,24.31,23.75,24.87
580.0,23.76,23.25,24.28
585.0,23.66,23.13,24.18
590.0,23.66,23.17,24.15
595.0,23.92,23.41,24.42
600.0,24.39,23.83,24.95
605.0,24.40,23.86,24.95
610.0,24.13,23.64,24.62
615.0,24.05,23.49,24.61
620.0,24.07,23.55,24.60
625.0,23.57,23.05,24.10
630.0,23.73,23.26,24.20
635.0,23.96,23.46,24.47
640.0,24.46,23.95,24.98
645.0,23.76,23.23,24.29
650.0,23.83,23.33,24.32
655.0,23.58,23.09,24.08
660.0,23.75,23.24,24.26
665.0,23.65,23.20,24.10
670.0,23.16,22.63,23.69
675.0,24.31,23.73,24.89
680.0,23.23,22.75,23.71
685.0,24.13,23.63,24.63
690.0,24.23,23.70,24.77
695.0,24.23,23.72,24.75
700.0,23.53,23.02,24.03
705.0,23.91,23.45,24.38
710.0,23.70,23.19,24.22
715.0,23.61,23.16,24.07
720.0,23.82,23.34,24.30
725.0,23.85,23.35,24.35
730.0,23.58,23.06,24.10
735.0,24.02,23.51,24.53
740.0,24.04,23.51,24.57
745.0,23.84,23.32,24.37
750.0,23.72,23.23,24.20
755.0,23.58,23.14,24.01
760.0,23.63,23.06,24.20
765.0,23.45,22.95,23.96
770.0,24.10,23.64,24.55
775.0,23.66,23.18,24.14
780.0,23.57,23.08,24.06
785.0,24.21,23.71,24.71
790.0,23.32,22.84,23.79
795.0,23.91,23.39,24.43
800.0,23.95,23.47,24.43
805.0,23.43,22.91,23.94
810.0,23.53,23.04,24.03
815.0,23.78,23.32,24.25
820.0,23.53,23.06,24.00
825.0,23.57,23.07,24.07
830.0,23.56,23.07,24.04
835.0,24.07,23.56,24.58
840.0,23.75,23.26,24.24
845.0,23.28,22.79,23.76
850.0,23.36,22.89,23.82
855.0,24.01,23.47,24.56
860.0,23.07,22.57,23.57
865.0,23.55,23.07,24.03
870.0,22.94,22.50,23.38
875.0,23.40,22.88,23.93
880.0,23.41,22.92,23.91
885.0,23.35,22.85,23.86
890.0,23.46,22.93,23.99
895.0,23.64,23.11,24.16
900.0,22.97,22.48,23.46
905.0,23.08,22.56,23.59
910.0,23.23,22.75,23.70
915.0,23.74,23.22,24.25
920.0,23.45,22.93,23.97
925.0,23.11,22.61,23.61
930.0,23.59,23.06,24.11
935.0,22.91,22.43,23.38
940.0,23.52,23.06,23.97
945.0,23.64,23.12,24.16
950.0,23.31,22.77,23.86
955.0,23.34,22.84,23.85
960.0,23.58,23.11,24.06
965.0,23.52,23.02,24.03
970.0,23.32,22.79,23.86
975.0,23.31,22.82,23.80
980.0,23.48,23.02,23.94
985.0,22.94,22.45,23.43
990.0,23.66,23.12,24.19
995.0,23.39,22.88,23.91
1000.0,23.50,22.96,24.03
1005.0,23.18,22.70,23.66
1010.0,23.23,22.77,23.69
1015.0,23.58,23.10,24.05
1020.0,23.31,22.76,23.87
1025.0,23.52,23.03,24.01
1030.0,23.14,22.65,23.64
1035.0,23.75,23.26,24.23
1040.0,22.95,22.51,23.39
1045.0,23.14,22.67,23.61
1050.0,23.51,22.99,24.03
1055.0,22.85,22.39,23.31
1060.0,23.40,22.91,23.90
1065.0,22.86,22.38,23.35
1070.0,23.01,22.55,23.48
1075.0,23.24,22.70,23.79
1080.0,23.45,22.90,23.99
1085.0,22.78,22.28,23.27
1090.0,23.43,22.93,23.93
1095.0,23.06,22.56,23.55
1100.0,23.13,22.59,23.66
1105.0,22.97,22.48,23.47
1110.0,23.38,22.87,23.88
1115.0,22.90,22.43,23.36
1120.0,23.40,22.91,23.89
1125.0,23.36,22.88,23.84
1130.0,22.99,22.53,23.45
1135.0,22.98,22.47,23.49
1140.0,23.30,22.78,23.81
1145.0,22.80,22.36,23.24
1150.0,23.28,22.75,23.80
1155.0,23.29,22.84,23.74
1160.0,23.35,22.84,23.85
1165.0,23.14,22.60,23.67
1170.0,22.92,22.45,23.39
1175.0,22.64,22.13,23.15
1180.0,23.13,22.60,23.66
1185.0,23.32,22.84,23.80
1190.0,23.65,23.12,24.18
1195.0,23.38,22.92,23.84
1200.0,23.40,22.91,23.89
1205.0,23.51,22.99,24.02
1210.0,22.80,22.32,23.29
1215.0,23.02,22.56,23.48
1220.0,22.66,22.21,23.11
1225.0,23.00,22.54,23.47
1230.0,22.24,21.76,22.73
1235.0,22.22,21.75,22.70
1240.0,23.08,22.63,23.53
1245.0,22.83,22.38,23.28
1250.0,23.36,22.91,23.82
1255.0,22.80,22.36,23.24
1260.0,23.08,22.58,23.58
1265.0,22.89,22.41,23.37
1270.0,23.12,22.63,23.60
1275.0,22.99,22.57,23.41
1280.0,22.67,22.21,23.13
1285.0,22.99,22.51,23.47
1290.0,22.92,22.45,23.38
1295.0,23.14,22.66,23.61
1300.0,22.91,22.43,23.40
1305.0,22.78,22.30,23.25
1310.0,22.62,22.10,23.14
1315.0,23.01,22.50,23.52
1320.0,22.95,22.45,23.46
1325.0,23.05,22.57,23.53
1330.0,22.77,22.25,23.30
1335.0,23.00,22.56,23.45
1340.0,23.07,22.58,23.56
1345.0,22.86,22.39,23.33
1350.0,22.51,22.11,22.91
1355.0,23.08,22.58,23.58
1360.0,23.17,22.72,23.62
1365.0,23.25,22.75,23.75
1370.0,22.90,22.35,23.46
1375.0,23.03,22.58,23.48
1380.0,22.84,22.36,23.32
1385.0,22.97,22.50,23.44
1390.0,22.62,22.13,23.12
1395.0,22.71,22.23,23.19
1400.0,23.30,22.82,23.78
1405.0,22.74,22.24,23.25
1410.0,23.05,22.55,23.55
1415.0,22.89,22.45,23.33
1420.0,22.55,22.06,23.04
1425.0,23.43,22.99,23.87
1430.0,23.19,22.69,23.70
1435.0,22.58,22.09,23.07
1440.0,22.61,22.12,23.09
1445.0,22.57,22.12,23.02
1450.0,23.05,22.55,23.56
1455.0,22.37,21.93,22.81
1460.0,22.64,22.15,23.12
1465.0,22.49,22.05,22.93
1470.0,22.73,22.25,23.20
1475.0,22.53,22.08,22.99
1480.0,23.16,22.67,23.64
1485.0,22.22,21.71,22.72
1490.0,22.77,22.27,23.27
1495.0,22.91,22.43,23.38
1500.0,23.07,22.61,23.52
