trial,mean,ci_down,ci_up
0.0,0.00,0.00,0.00
5.0,288.06,274.43,301.70
10.0,497.84,482.00,513.67
15.0,674.02,656.40,691.65
20.0,819.75,800.89,838.61
25.0,954.05,934.58,973.52
30.0,1080.26,1059.36,1101.16
35.0,1197.61,1175.33,1219.89
40.0,1305.78,1282.68,1328.89
45.0,1415.09,1391.11,1439.08
50.0,1515.32,1490.23,1540.42
55.0,1614.46,1588.28,1640.64
60.0,1710.13,1683.10,1737.15
65.0,1801.62,1773.92,1829.32
70.0,1894.51,1865.71,1923.32
75.0,1981.43,1952.34,2010.53
80.0,2069.86,2040.09,2099.63
85.0,2159.23,2128.76,2189.70
90.0,2248.20,2217.01,2279.38
95.0,2333.57,2301.35,2365.79
100.0,2417.47,2384.32,2450.62
105.0,2503.62,2469.35,2537.89
110.0,2585.19,2550.33,2620.05
115.0,2665.99,2630.33,2701.65
120.0,2748.73,2711.85,2785.61
125.0,2827.59,2789.93,2865.25
130.0,2904.28,2865.60,2942.95
135.0,2979.37,2939.81,3018.93
140.0,3055.37,3015.30,3095.45
145.0,3134.08,3093.56,3174.60
150.0,3211.66,3170.63,3252.69
155.0,3284.33,3243.13,3325.54
160.0,3362.74,3321.14,3404.34
165.0,3439.58,3396.90,3482.25
170.0,3515.88,3472.70,3559.06
175.0,3591.47,3547.64,3635.30
180.0,3661.84,3617.47,3706.22
185.0,3736.45,3691.52,3781.39
190.0,3809.51,3764.04,3854.98
195.0,3878.68,3832.58,3924.78
200.0,3943.06,3896.57,3989.55
205.0,4010.85,3964.33,4057.38
210.0,4078.43,4031.32,4125.55
215.0,4146.85,4098.72,4194.98
220.0,4214.22,4165.47,4262.97
225.0,4281.48,4231.86,4331.11
230.0,4350.51,4300.54,4400.47
235.0,4420.68,4369.85,4471.51
240.0,4488.60,4436.78,4540.42
245.0,4555.56,4503.05,4608.07
250.0,4621.69,4568.23,4675.15
255.0,4686.53,4632.59,4740.47
260.0,4752.92,4698.27,4807.58
265.0,4817.25,4761.83,4872.66
270.0,4881.47,4826.15,4936.79
275.0,4942.84,4886.85,4998.83
280.0,5006.54,4950.29,5062.79
285.0,5073.96,5017.34,5130.58
290.0,5136.46,5079.25,5193.66
295.0,5195.11,5137.48,5252.75
300.0,5256.53,5198.44,5314.63
305.0,5321.78,5263.48,5380.08
310.0,5381.06,5322.61,5439.50
315.0,5441.27,5382.36,5500.18
320.0,5500.82,5441.57,5560.06
325.0,5559.21,5500.01,5618.42
330.0,5620.79,5561.14,5680.45
335.0,5681.87,5621.73,5742.00
340.0,5739.76,5679.12,5800.39
345.0,5801.33,5740.14,5862.53
350.0,5861.29,5799.53,5923.06
355.0,5918.85,5856.85,5980.86
360.0,5978.94,5916.27,6041.60
365.0,6039.00,5975.44,6102.56
370.0,6098.95,6034.64,6163.26
375.0,6159.12,6094.00,6224.25
380.0,6218.14,6152.52,6283.77
385.0,6275.23,6209.02,6341.43
390.0,6331.70,6264.98,6398.43
395.0,6389.08,6322.10,6456.06
400.0,6448.11,6380.87,6515.36
405.0,6505.12,6437.51,6572.73
410.0,6562.43,6494.39,6630.47
415.0,6618.83,6550.27,6687.39
420.0,6674.30,6605.55,6743.05
425.0,6732.35,6663.42,6801.29
430.0,6787.65,6718.17,6857.13
435.0,6844.02,6773.95,6914.09
440.0,6902.70,6832.31,6973.08
445.0,6955.34,6884.50,7026.18
450.0,7011.69,6940.46,7082.91
455.0,7066.89,6995.31,7138.46
460.0,7121.89,7049.88,7193.89
465.0,7178.57,7105.94,7251.19
470.0,7232.19,7159.26,7305.12
475.0,7289.55,7215.99,7363.10
480.0,7346.07,7272.13,7420.01
485.0,7399.16,7325.05,7473.27
490.0,7453.98,7379.56,7528.40
495.0,7510.92,7436.11,7585.72
500.0,7563.68,7488.51,7638.86
505.0,7616.65,7541.22,7692.07
510.0,7669.38,7593.89,7744.87
515.0,7720.68,7645.06,7796.31
520.0,7774.26,7698.55,7849.98
525.0,7827.72,7751.54,7903.91
530.0,7882.46,7806.17,7958.75
535.0,7934.63,7858.27,8010.99
540.0,7989.51,7913.10,8065.91
545.0,8041.45,7964.71,8118.18
550.0,8095.63,8018.80,8172.45
555.0,8147.30,8070.20,8224.39
560.0,8198.98,8121.47,8276.49
565.0,8250.24,8172.20,8328.29
570.0,8300.32,8221.58,8379.06
575.0,8352.24,8273.17,8431.31
580.0,8402.28,8322.80,8481.76
585.0,8454.16,8374.46,8533.87
590.0,8505.38,8425.07,8585.69
595.0,8556.52,8476.04,8637.00
600.0,8605.13,8524.19,8686.08
605.0,8655.01,8573.70,8736.31
610.0,8703.51,8621.51,8785.51
615.0,8755.19,8672.99,8837.40
620.0,8805.14,8722.73,8887.54
625.0,8853.45,8770.81,8936.10
630.0,8901.01,8817.88,8984.15
635.0,8946.83,8863.65,9030.00
640.0,8996.64,8913.31,9079.97
645.0,9044.77,8961.45,9128.08
650.0,9094.53,9011.32,9177.74
655.0,9140.81,9057.36,9224.25
660.0,9190.46,9107.03,9273.89
665.0,9238.73,9154.96,9322.51
670.0,9287.47,9203.07,9371.87
675.0,9334.88,9250.17,9419.58
680.0,9380.84,9296.17,9465.51
685.0,9425.76,9341.19,9510.34
690.0,9474.73,9389.86,9559.60
695.0,9522.19,9437.24,9607.13
700.0,9569.07,9483.87,9654.27
705.0,9617.04,9531.86,9702.22
710.0,9664.69,9578.64,9750.75
715.0,9711.25,9625.00,9797.50
720.0,9757.34,9670.93,9843.74
725.0,9804.54,9717.96,9891.13
730.0,9851.37,9764.37,9938.37
735.0,9898.79,9811.71,9985.86
740.0,9944.57,9857.41,10031.74
745.0,9988.05,9900.65,10075.44
750.0,10032.39,9944.67,10120.11
755.0,10078.42,9990.62,10166.23
760.0,10121.83,10033.93,10209.73
765.0,10166.74,10078.75,10254.73
770.0,10211.53,10122.82,10300.23
775.0,10257.11,10167.72,10346.50
780.0,10301.64,10212.18,10391.09
785.0,10346.20,10256.53,10435.88
790.0,10389.16,10299.40,10478.92
795.0,10432.10,10342.16,10522.05
800.0,10474.63,10384.71,10564.55
805.0,10518.95,10428.81,10609.10
810.0,10561.56,10471.55,10651.56
815.0,10605.26,10515.03,10695.49
820.0,10649.16,10558.75,10739.57
825.0,10693.78,10603.44,10784.12
830.0,10737.94,10647.04,10828.84
835.0,10779.77,10688.45,10871.08
840.0,10822.31,10730.71,10913.92
845.0,10865.20,10773.16,10957.24
850.0,10909.19,10817.05,11001.34
855.0,10953.98,10861.28,11046.68
860.0,10997.70,10904.58,11090.81
865.0,11041.79,10949.10,11134.48
870.0,11085.26,10992.58,11177.94
875.0,11128.81,11035.91,11221.71
880.0,11171.03,11078.03,11264.02
885.0,11213.45,11120.15,11306.76
890.0,11254.94,11161.62,11348.26
895.0,11297.42,11203.92,11390.92
900.0,11340.36,11246.72,11434.01
905.0,11381.60,11287.97,11475.23
910.0,11423.81,11330.25,11517.36
915.0,11465.15,11371.52,11558.79
920.0,11507.37,11413.62,11601.13
925.0,11548.45,11454.52,11642.39
930.0,11590.87,11496.97,11684.77
935.0,11632.87,11538.85,11726.90
940.0,11677.17,11583.05,11771.28
945.0,11719.28,11625.25,11813.31
950.0,11758.82,11664.64,11853.01
955.0,11800.36,11706.01,11894.72
960.0,11841.10,11746.75,11935.44
965.0,11880.00,11785.31,11974.69
970.0,11920.77,11825.70,12015.83
975.0,11961.97,11866.83,12057.12
980.0,12003.28,11907.91,12098.64
985.0,12041.85,11946.35,12137.34
990.0,12081.49,11985.78,12177.20
995.0,12121.28,12025.59,12216.96
1000.0,12159.42,12063.88,12254.97
