trial,mean,ci_down,ci_up
0.0,101.35,100.10,102.60
5.0,99.06,97.77,100.34
10.0,97.02,95.56,98.48
15.0,96.64,95.23,98.05
20.0,95.74,94.16,97.32
25.0,94.43,92.82,96.04
30.0,94.15,92.64,95.66
35.0,93.96,92.29,95.64
40.0,94.00,92.31,95.68
45.0,93.02,91.15,94.89
50.0,95.06,92.90,97.22
55.0,93.53,91.60,95.46
60.0,94.42,92.41,96.43
65.0,94.08,92.11,96.05
70.0,94.58,92.39,96.77
75.0,95.09,93.06,97.13
80.0,94.98,92.86,97.10
85.0,94.92,92.76,97.08
90.0,95.13,93.15,97.11
95.0,94.71,92.65,96.77
100.0,94.80,92.81,96.79
105.0,95.40,93.31,97.49
110.0,94.10,92.09,96.12
115.0,94.74,92.59,96.88
120.0,93.79,91.76,95.82
125.0,95.16,93.04,97.29
130.0,93.78,91.69,95.86
135.0,94.17,92.07,96.28
140.0,93.14,91.11,95.17
145.0,93.26,91.15,95.38
150.0,93.63,91.65,95.61
155.0,92.97,90.80,95.15
160.0,92.59,90.62,94.57
165.0,92.00,89.94,94.05
170.0,92.43,90.38,94.48
175.0,91.82,89.79,93.84
180.0,91.75,89.55,93.95
185.0,92.99,90.80,95.18
190.0,90.43,88.36,92.51
195.0,91.15,89.00,93.30
200.0,90.98,88.80,93.17
205.0,90.22,88.17,92.26
210.0,90.21,88.31,92.10
215.0,90.84,88.82,92.87
220.0,89.89,87.93,91.84
225.0,90.49,88.51,92.46
230.0,89.58,87.46,91.70
235.0,88.88,86.91,90.84
240.0,89.57,87.57,91.56
245.0,88.52,86.57,90.47
250.0,89.85,87.91,91.80
255.0,88.99,87.04,90.95
260.0,88.40,86.50,90.31
265.0,88.12,86.22,90.03
270.0,87.26,85.37,89.14
275.0,86.96,85.18,88.74
280.0,87.00,85.03,88.96
285.0,87.06,85.12,89.00
290.0,86.60,84.61,88.58
295.0,86.12,84.26,87.99
300.0,86.24,84.43,88.05
305.0,86.75,84.85,88.64
310.0,86.45,84.63,88.26
315.0,85.49,83.72,87.27
320.0,86.17,84.37,87.96
325.0,85.61,83.86,87.35
330.0,85.63,83.86,87.41
335.0,84.90,83.16,86.63
340.0,84.84,83.18,86.51
345.0,84.44,82.65,86.23
350.0,84.56,82.85,86.26
355.0,84.66,82.87,86.45
360.0,83.68,81.98,85.37
365.0,83.70,81.94,85.47
370.0,83.73,81.91,85.54
375.0,83.24,81.47,85.00
380.0,83.22,81.55,84.89
385.0,83.38,81.65,85.11
390.0,83.04,81.44,84.63
395.0,82.77,81.18,84.35
400.0,82.95,81.19,84.71
405.0,82.63,80.99,84.28
410.0,82.89,81.19,84.59
415.0,82.22,80.56,83.89
420.0,82.70,81.04,84.36
425.0,82.24,80.52,83.96
430.0,81.83,80.25,83.42
435.0,82.39,80.67,84.11
440.0,81.88,80.32,83.45
445.0,81.54,79.85,83.23
450.0,80.92,79.26,82.59
455.0,81.11,79.44,82.79
460.0,80.13,78.58,81.68
465.0,80.98,79.41,82.55
470.0,80.60,78.98,82.22
475.0,80.30,78.79,81.82
480.0,80.59,78.97,82.22
485.0,79.72,78.24,81.20
490.0,79.84,78.27,81.41
495.0,79.73,78.21,81.25
500.0,79.72,78.15,81.30
505.0,79.20,77.53,80.88
510.0,80.12,78.55,81.68
515.0,78.68,77.08,80.27
520.0,79.67,78.14,81.20
525.0,80.06,78.37,81.74
530.0,79.87,78.23,81.51
535.0,78.88,77.37,80.40
540.0,79.63,78.09,81.18
545.0,79.22,77.70,80.73
550.0,79.77,78.07,81.47
555.0,78.99,77.33,80.65
560.0,78.78,77.18,80.38
565.0,79.23,77.52,80.94
570.0,79.08,77.46,80.70
575.0,78.45,76.81,80.08
580.0,78.76,77.17,80.35
585.0,78.01,76.50,79.52
590.0,78.36,76.75,79.98
595.0,78.31,76.83,79.80
600.0,78.91,77.47,80.35
605.0,77.68,76.10,79.27
610.0,77.62,76.10,79.13
615.0,77.98,76.44,79.53
620.0,77.47,75.96,78.98
625.0,77.56,76.13,79.00
630.0,77.53,76.09,78.97
635.0,77.04,75.42,78.66
640.0,77.15,75.72,78.58
645.0,77.26,75.76,78.76
650.0,76.79,75.22,78.35
655.0,75.99,74.46,77.52
660.0,75.91,74.39,77.43
665.0,76.70,75.26,78.14
670.0,76.98,75.41,78.56
675.0,77.09,75.55,78.62
680.0,76.13,74.58,77.68
685.0,76.15,74.67,77.63
690.0,76.22,74.63,77.80
695.0,75.67,74.22,77.12
700.0,75.27,73.87,76.68
705.0,75.39,73.89,76.89
710.0,75.82,74.23,77.41
715.0,75.61,74.09,77.14
720.0,75.22,73.80,76.65
725.0,75.54,73.91,77.17
730.0,75.67,74.18,77.16
735.0,74.91,73.53,76.29
740.0,75.07,73.65,76.48
745.0,75.09,73.67,76.50
750.0,74.81,73.31,76.32
755.0,75.33,73.78,76.88
760.0,74.78,73.22,76.35
765.0,75.70,74.17,77.24
770.0,75.22,73.73,76.72
775.0,75.38,73.83,76.92
780.0,75.16,73.68,76.65
785.0,74.81,73.47,76.15
790.0,74.46,73.01,75.91
795.0,74.74,73.22,76.25
800.0,75.43,73.92,76.95
805.0,74.35,72.82,75.87
810.0,74.30,72.89,75.71
815.0,74.31,72.71,75.90
820.0,74.52,73.02,76.03
825.0,73.68,72.20,75.16
830.0,74.18,72.71,75.64
835.0,74.83,73.30,76.36
840.0,74.38,72.84,75.92
845.0,74.31,72.85,75.77
850.0,74.05,72.53,75.56
855.0,74.19,72.63,75.75
860.0,73.88,72.39,75.37
865.0,73.32,71.84,74.80
870.0,74.40,72.95,75.85
875.0,73.83,72.23,75.43
880.0,74.27,72.85,75.70
885.0,73.66,72.21,75.11
890.0,73.98,72.56,75.41
895.0,73.42,72.02,74.83
900.0,73.80,72.41,75.19
905.0,73.67,72.25,75.09
910.0,73.79,72.30,75.27
915.0,73.18,71.77,74.60
920.0,73.43,71.98,74.87
925.0,73.48,72.18,74.78
930.0,73.64,72.23,75.05
935.0,73.39,71.98,74.80
940.0,73.73,72.33,75.14
945.0,73.67,72.17,75.18
950.0,73.37,71.96,74.77
955.0,73.80,72.34,75.25
960.0,73.71,72.21,75.21
965.0,72.74,71.34,74.13
970.0,73.05,71.55,74.55
975.0,73.28,71.81,74.76
980.0,73.35,71.82,74.88
985.0,72.48,70.97,73.98
990.0,73.06,71.58,74.54
995.0,72.40,71.04,73.76
1000.0,72.51,71.13,73.88
