trial,mean,ci_down,ci_up
0.0,34.85,34.55,35.15
5.0,32.40,32.10,32.69
10.0,30.58,30.28,30.87
15.0,29.99,29.67,30.31
20.0,29.13,28.80,29.46
25.0,28.71,28.37,29.06
30.0,28.49,28.15,28.84
35.0,28.17,27.81,28.53
40.0,27.59,27.22,27.96
45.0,27.28,26.92,27.64
50.0,27.22,26.84,27.60
55.0,27.06,26.66,27.46
60.0,26.93,26.56,27.31
65.0,26.28,25.91,26.66
70.0,26.11,25.75,26.48
75.0,25.96,25.61,26.32
80.0,25.17,24.82,25.52
85.0,25.84,25.47,26.21
90.0,25.04,24.69,25.38
95.0,24.76,24.42,25.11
100.0,24.95,24.59,25.32
105.0,24.63,24.28,24.99
110.0,24.53,24.18,24.88
115.0,24.19,23.85,24.53
120.0,24.38,24.03,24.72
125.0,24.03,23.70,24.36
130.0,23.80,23.47,24.14
135.0,23.82,23.48,24.15
140.0,23.62,23.29,23.96
145.0,23.55,23.22,23.89
150.0,23.45,23.11,23.79
155.0,23.06,22.73,23.39
160.0,23.21,22.90,23.53
165.0,22.80,22.48,23.11
170.0,22.82,22.51,23.13
175.0,22.67,22.37,22.98
180.0,22.24,21.93,22.55
185.0,22.31,22.00,22.61
190.0,22.32,22.01,22.62
195.0,22.27,21.96,22.59
200.0,22.15,21.84,22.46
205.0,22.24,21.94,22.54
210.0,21.78,21.48,22.08
215.0,21.94,21.63,22.25
220.0,21.84,21.53,22.15
225.0,21.63,21.33,21.92
230.0,21.54,21.22,21.85
235.0,21.85,21.56,22.14
240.0,21.54,21.24,21.84
245.0,21.31,21.02,21.60
250.0,21.14,20.85,21.43
255.0,21.12,20.82,21.41
260.0,20.84,20.55,21.14
265.0,20.74,20.45,21.03
270.0,20.82,20.54,21.11
275.0,20.75,20.47,21.04
280.0,20.62,20.35,20.89
285.0,20.81,20.52,21.10
290.0,20.67,20.38,20.95
295.0,20.52,20.24,20.80
300.0,20.47,20.21,20.74
305.0,20.51,20.23,20.80
310.0,20.43,20.15,20.71
315.0,20.33,20.05,20.61
320.0,20.18,19.90,20.46
325.0,20.09,19.83,20.36
330.0,20.10,19.83,20.37
335.0,20.38,20.10,20.66
340.0,19.95,19.68,20.23
345.0,20.15,19.87,20.43
350.0,20.10,19.82,20.38
355.0,19.80,19.53,20.06
360.0,19.62,19.36,19.89
365.0,19.91,19.64,20.17
370.0,19.76,19.49,20.03
375.0,19.60,19.33,19.88
380.0,19.57,19.30,19.85
385.0,19.41,19.15,19.66
390.0,19.64,19.38,19.90
395.0,19.39,19.13,19.65
400.0,19.37,19.10,19.64
405.0,19.47,19.21,19.73
410.0,19.29,19.03,19.55
415.0,19.26,19.00,19.52
420.0,19.23,18.96,19.49
425.0,19.15,18.89,19.41
430.0,19.06,18.80,19.32
435.0,19.18,18.91,19.45
440.0,19.22,18.96,19.48
445.0,18.97,18.71,19.23
450.0,18.93,18.67,19.18
455.0,18.85,18.59,19.11
460.0,18.89,18.63,19.15
465.0,18.74,18.49,18.99
470.0,18.83,18.57,19.09
475.0,18.79,18.53,19.06
480.0,18.78,18.52,19.03
485.0,18.96,18.69,19.23
490.0,18.77,18.51,19.03
495.0,18.60,18.35,18.86
500.0,18.73,18.47,18.99
505.0,18.89,18.62,19.15
510.0,18.53,18.28,18.78
515.0,18.68,18.43,18.93
520.0,18.42,18.16,18.67
525.0,18.53,18.28,18.77
530.0,18.51,18.26,18.75
535.0,18.63,18.37,18.90
540.0,18.43,18.19,18.68
545.0,18.61,18.36,18.86
550.0,18.59,18.33,18.84
555.0,18.48,18.23,18.73
560.0,18.51,18.26,18.76
565.0,18.48,18.24,18.73
570.0,18.27,18.03,18.52
575.0,18.40,18.15,18.66
580.0,18.59,18.34,18.84
585.0,18.45,18.19,18.70
590.0,18.46,18.21,18.71
595.0,18.46,18.20,18.73
600.0,18.46,18.21,18.71
605.0,18.51,18.26,18.76
610.0,18.40,18.14,18.66
615.0,18.42,18.17,18.66
620.0,18.38,18.13,18.62
625.0,18.13,17.88,18.38
630.0,18.27,18.03,18.52
635.0,18.36,18.11,18.61
640.0,18.17,17.92,18.42
645.0,18.45,18.20,18.71
650.0,18.56,18.31,18.82
655.0,18.31,18.07,18.56
660.0,18.41,18.16,18.66
665.0,18.35,18.10,18.59
670.0,18.23,18.00,18.46
675.0,18.31,18.07,18.56
680.0,18.29,18.04,18.54
685.0,18.26,18.02,18.51
690.0,18.29,18.04,18.55
695.0,18.22,17.96,18.47
700.0,18.26,18.01,18.52
705.0,18.25,18.01,18.50
710.0,18.22,17.97,18.47
715.0,18.31,18.05,18.56
720.0,17.98,17.74,18.23
725.0,18.45,18.20,18.69
730.0,18.06,17.81,18.30
735.0,18.34,18.09,18.59
740.0,18.26,18.01,18.51
745.0,18.14,17.89,18.39
750.0,18.39,18.15,18.63
755.0,18.35,18.09,18.60
760.0,18.10,17.86,18.35
765.0,18.28,18.03,18.52
770.0,18.22,17.98,18.46
775.0,18.18,17.94,18.42
780.0,18.13,17.89,18.37
785.0,18.25,18.00,18.50
790.0,18.06,17.82,18.30
795.0,18.12,17.87,18.37
800.0,17.91,17.67,18.15
805.0,18.15,17.90,18.39
810.0,18.08,17.84,18.32
815.0,18.13,17.89,18.38
820.0,18.11,17.87,18.35
825.0,18.26,18.03,18.50
830.0,18.13,17.90,18.36
835.0,18.07,17.82,18.32
840.0,18.23,17.99,18.47
845.0,18.10,17.87,18.33
850.0,18.06,17.82,18.31
855.0,18.18,17.94,18.42
860.0,18.00,17.76,18.24
865.0,18.27,18.03,18.52
870.0,18.19,17.95,18.44
875.0,18.23,18.00,18.47
880.0,18.12,17.88,18.36
885.0,18.26,18.02,18.50
890.0,18.07,17.82,18.32
895.0,18.28,18.03,18.53
900.0,18.16,17.92,18.40
905.0,18.11,17.87,18.36
910.0,18.33,18.08,18.58
915.0,18.04,17.79,18.29
920.0,18.19,17.94,18.45
925.0,18.38,18.14,18.62
930.0,18.03,17.78,18.28
935.0,18.07,17.82,18.31
940.0,17.99,17.75,18.23
945.0,18.04,17.80,18.28
950.0,18.37,18.13,18.62
955.0,18.24,17.99,18.48
960.0,18.20,17.95,18.45
965.0,18.09,17.86,18.33
970.0,18.23,17.99,18.47
975.0,18.32,18.06,18.57
980.0,18.24,18.00,18.48
985.0,17.86,17.62,18.10
990.0,18.13,17.88,18.38
995.0,17.99,17.75,18.24
1000.0,18.13,17.89,18.37
