trial,mean,ci_down,ci_up
0.0,0.00,0.00,0.00
5.0,182.13,178.39,185.86
10.0,316.53,312.16,320.91
15.0,422.43,417.91,426.95
20.0,513.51,508.86,518.16
25.0,590.01,585.19,594.82
30.0,659.69,654.66,664.71
35.0,723.60,718.30,728.90
40.0,783.38,777.81,788.95
45.0,840.93,835.18,846.68
50.0,898.79,892.63,904.96
55.0,954.04,947.53,960.55
60.0,1006.89,1000.16,1013.62
65.0,1057.80,1050.79,1064.80
70.0,1109.35,1102.05,1116.65
75.0,1160.46,1152.82,1168.10
80.0,1210.60,1202.69,1218.50
85.0,1259.18,1250.84,1267.52
90.0,1307.40,1298.80,1315.99
95.0,1356.76,1347.94,1365.58
100.0,1406.02,1396.95,1415.08
105.0,1452.11,1442.83,1461.39
110.0,1499.15,1489.54,1508.77
115.0,1545.65,1535.68,1555.61
120.0,1591.97,1581.77,1602.16
125.0,1637.55,1627.06,1648.04
130.0,1683.31,1672.57,1694.05
135.0,1728.22,1717.18,1739.25
140.0,1773.94,1762.70,1785.19
145.0,1817.52,1805.98,1829.06
150.0,1862.84,1851.05,1874.63
155.0,1908.58,1896.53,1920.63
160.0,1951.62,1939.34,1963.89
165.0,1994.34,1981.88,2006.80
170.0,2039.15,2026.49,2051.80
175.0,2082.00,2069.09,2094.91
180.0,2126.82,2113.62,2140.01
185.0,2170.07,2156.63,2183.51
190.0,2212.40,2198.70,2226.10
195.0,2254.91,2240.93,2268.90
200.0,2295.94,2281.74,2310.14
205.0,2337.78,2323.36,2352.21
210.0,2379.78,2365.16,2394.41
215.0,2420.09,2405.25,2434.92
220.0,2461.82,2446.86,2476.78
225.0,2502.56,2487.41,2517.71
230.0,2543.03,2527.63,2558.43
235.0,2584.36,2568.73,2599.99
240.0,2624.79,2608.96,2640.61
245.0,2666.89,2650.78,2682.99
250.0,2706.06,2689.73,2722.40
255.0,2745.61,2728.97,2762.24
260.0,2786.13,2769.36,2802.91
265.0,2825.96,2809.01,2842.91
270.0,2865.24,2848.09,2882.38
275.0,2905.28,2888.00,2922.56
280.0,2943.97,2926.49,2961.45
285.0,2983.90,2966.32,3001.48
290.0,3022.03,3004.27,3039.80
295.0,3060.48,3042.57,3078.39
300.0,3099.46,3081.36,3117.56
305.0,3137.96,3119.65,3156.28
310.0,3176.42,3157.98,3194.86
315.0,3214.04,3195.47,3232.61
320.0,3252.46,3233.73,3271.20
325.0,3290.56,3271.64,3309.48
330.0,3329.42,3310.34,3348.51
335.0,3368.64,3349.38,3387.89
340.0,3405.99,3386.53,3425.44
345.0,3443.99,3424.33,3463.64
350.0,3481.22,3461.33,3501.12
355.0,3519.16,3499.11,3539.20
360.0,3556.31,3536.10,3576.52
365.0,3592.21,3571.86,3612.55
370.0,3629.50,3608.98,3650.02
375.0,3665.79,3645.12,3686.47
380.0,3702.41,3681.58,3723.25
385.0,3739.66,3718.69,3760.63
390.0,3775.99,3754.82,3797.15
395.0,3812.30,3790.96,3833.64
400.0,3848.25,3826.76,3869.73
405.0,3884.50,3862.85,3906.16
410.0,3920.71,3898.94,3942.48
415.0,3957.95,3936.00,3979.89
420.0,3993.30,3971.21,4015.40
425.0,4029.26,4006.94,4051.57
430.0,4064.97,4042.47,4087.47
435.0,4099.11,4076.53,4121.69
440.0,4134.53,4111.80,4157.27
445.0,4170.05,4147.20,4192.91
450.0,4204.61,4181.59,4227.63
455.0,4238.57,4215.45,4261.70
460.0,4272.44,4249.14,4295.74
465.0,4306.43,4283.04,4329.82
470.0,4340.38,4316.88,4363.89
475.0,4375.05,4351.41,4398.69
480.0,4409.68,4385.97,4433.39
485.0,4444.46,4420.67,4468.26
490.0,4479.23,4455.31,4503.14
495.0,4514.56,4490.55,4538.58
500.0,4547.39,4523.28,4571.50
505.0,4580.91,4556.66,4605.16
510.0,4615.64,4591.29,4640.00
515.0,4648.97,4624.46,4673.48
520.0,4681.96,4657.31,4706.60
525.0,4714.80,4689.99,4739.61
530.0,4747.73,4722.81,4772.65
535.0,4780.52,4755.49,4805.55
540.0,4813.23,4788.04,4838.41
545.0,4846.18,4820.86,4871.49
550.0,4879.34,4853.91,4904.77
555.0,4912.79,4887.17,4938.41
560.0,4944.61,4918.87,4970.35
565.0,4977.99,4952.18,5003.79
570.0,5010.40,4984.52,5036.28
575.0,5043.39,5017.41,5069.38
580.0,5075.20,5049.11,5101.29
585.0,5107.17,5081.00,5133.35
590.0,5139.08,5112.77,5165.38
595.0,5171.63,5145.31,5197.95
600.0,5203.71,5177.21,5230.20
605.0,5234.00,5207.42,5260.58
610.0,5265.81,5239.14,5292.48
615.0,5296.98,5270.16,5323.81
620.0,5328.80,5301.90,5355.69
625.0,5359.76,5332.76,5386.77
630.0,5390.51,5363.41,5417.60
635.0,5420.78,5393.58,5447.98
640.0,5451.26,5423.95,5478.57
645.0,5482.23,5454.80,5509.65
650.0,5512.79,5485.29,5540.28
655.0,5544.19,5516.52,5571.85
660.0,5574.64,5546.84,5602.43
665.0,5604.15,5576.26,5632.05
670.0,5634.58,5606.58,5662.58
675.0,5664.38,5636.35,5692.41
680.0,5694.44,5666.32,5722.55
685.0,5724.07,5695.82,5752.33
690.0,5754.11,5725.75,5782.46
695.0,5784.22,5755.76,5812.67
700.0,5813.68,5785.16,5842.20
705.0,5842.00,5813.37,5870.63
710.0,5871.63,5842.96,5900.30
715.0,5900.86,5872.13,5929.59
720.0,5930.59,5901.75,5959.44
725.0,5959.05,5930.17,5987.92
730.0,5988.35,5959.36,6017.33
735.0,6016.81,5987.71,6045.90
740.0,6045.48,6016.31,6074.66
745.0,6073.64,6044.40,6102.88
750.0,6101.78,6072.45,6131.11
755.0,6130.00,6100.59,6159.42
760.0,6157.97,6128.47,6187.46
765.0,6186.43,6156.83,6216.04
770.0,6214.28,6184.57,6243.98
775.0,6242.00,6212.22,6271.79
780.0,6269.60,6239.71,6299.48
785.0,6298.34,6268.38,6328.30
790.0,6326.89,6296.83,6356.95
795.0,6354.61,6324.42,6384.79
800.0,6382.42,6352.12,6412.72
805.0,6410.81,6380.45,6441.16
810.0,6438.06,6407.63,6468.49
815.0,6465.70,6435.17,6496.23
820.0,6493.51,6462.88,6524.14
825.0,6520.95,6490.24,6551.67
830.0,6547.99,6517.24,6578.75
835.0,6576.59,6545.74,6607.44
840.0,6604.02,6573.10,6634.94
845.0,6631.19,6600.16,6662.21
850.0,6659.64,6628.53,6690.75
855.0,6686.82,6655.67,6717.96
860.0,6713.02,6681.78,6744.25
865.0,6740.11,6708.78,6771.44
870.0,6767.24,6735.84,6798.64
875.0,6793.46,6762.02,6824.90
880.0,6819.61,6788.08,6851.13
885.0,6846.75,6815.13,6878.36
890.0,6872.78,6841.16,6904.39
895.0,6899.50,6867.81,6931.19
900.0,6925.78,6894.03,6957.53
905.0,6951.53,6919.74,6983.32
910.0,6977.16,6945.27,7009.05
915.0,7003.27,6971.31,7035.23
920.0,7029.34,6997.31,7061.38
925.0,7055.52,7023.43,7087.60
930.0,7081.10,7048.97,7113.23
935.0,7106.60,7074.43,7138.77
940.0,7131.73,7099.49,7163.97
945.0,7157.64,7125.35,7189.94
950.0,7182.88,7150.49,7215.28
955.0,7208.22,7175.74,7240.71
960.0,7233.32,7200.78,7265.87
965.0,7257.84,7225.21,7290.47
970.0,7282.76,7250.11,7315.41
975.0,7307.58,7274.85,7340.31
980.0,7332.43,7299.63,7365.24
985.0,7358.22,7325.38,7391.06
990.0,7382.68,7349.79,7415.57
995.0,7406.79,7373.89,7439.70
1000.0,7431.14,7398.22,7464.06
