trial,mean,ci_down,ci_up
0.0,101.09,99.82,102.37
5.0,98.92,97.56,100.27
10.0,97.21,95.71,98.70
15.0,95.49,94.16,96.82
20.0,96.01,94.45,97.57
25.0,95.22,93.59,96.84
30.0,94.32,92.58,96.06
35.0,94.72,92.93,96.50
40.0,94.60,92.85,96.35
45.0,94.69,92.64,96.74
50.0,95.44,93.17,97.70
55.0,93.42,91.42,95.41
60.0,94.57,92.54,96.59
65.0,94.18,92.00,96.37
70.0,95.33,92.90,97.77
75.0,95.67,93.59,97.75
80.0,95.68,93.45,97.91
85.0,95.28,93.05,97.52
90.0,95.23,93.21,97.26
95.0,94.80,92.65,96.94
100.0,95.67,93.53,97.81
105.0,94.90,92.78,97.03
110.0,94.90,92.76,97.04
115.0,94.94,92.73,97.16
120.0,93.97,91.82,96.12
125.0,94.82,92.60,97.04
130.0,94.42,92.16,96.67
135.0,94.38,92.15,96.61
140.0,93.68,91.56,95.79
145.0,92.95,90.83,95.06
150.0,93.08,90.99,95.17
155.0,92.22,90.05,94.40
160.0,92.09,90.09,94.09
165.0,92.63,90.56,94.69
170.0,92.52,90.51,94.54
175.0,91.92,89.82,94.02
180.0,92.72,90.48,94.97
185.0,92.00,89.84,94.17
190.0,90.97,88.91,93.03
195.0,91.24,89.03,93.46
200.0,90.94,88.78,93.09
205.0,89.86,87.87,91.86
210.0,90.06,88.15,91.98
215.0,90.77,88.63,92.91
220.0,89.43,87.42,91.44
225.0,89.69,87.74,91.64
230.0,88.42,86.42,90.42
235.0,89.31,87.35,91.28
240.0,88.67,86.73,90.61
245.0,88.45,86.44,90.45
250.0,89.44,87.56,91.32
255.0,88.76,86.79,90.72
260.0,88.33,86.43,90.23
265.0,87.80,85.91,89.70
270.0,87.52,85.62,89.42
275.0,87.40,85.59,89.21
280.0,86.56,84.58,88.54
285.0,86.32,84.43,88.20
290.0,86.26,84.33,88.19
295.0,85.67,83.88,87.47
300.0,85.41,83.59,87.22
305.0,86.46,84.57,88.35
310.0,86.08,84.34,87.83
315.0,85.23,83.36,87.10
320.0,84.86,83.12,86.60
325.0,85.03,83.27,86.79
330.0,85.40,83.58,87.21
335.0,85.13,83.36,86.90
340.0,85.19,83.48,86.90
345.0,84.29,82.48,86.10
350.0,83.74,82.06,85.41
355.0,84.89,83.15,86.64
360.0,83.48,81.78,85.18
365.0,84.34,82.59,86.09
370.0,83.68,81.91,85.44
375.0,83.58,81.77,85.39
380.0,83.40,81.59,85.22
385.0,83.01,81.25,84.77
390.0,83.32,81.63,85.01
395.0,83.40,81.69,85.11
400.0,83.04,81.20,84.88
405.0,82.67,80.88,84.46
410.0,82.74,81.00,84.48
415.0,81.79,80.04,83.53
420.0,82.16,80.43,83.89
425.0,82.42,80.68,84.16
430.0,81.86,80.24,83.48
435.0,81.80,80.06,83.54
440.0,81.43,79.95,82.91
445.0,81.46,79.66,83.27
450.0,80.77,79.10,82.45
455.0,81.82,80.05,83.60
460.0,80.34,78.71,81.96
465.0,80.68,79.00,82.37
470.0,80.49,78.81,82.17
475.0,80.42,78.82,82.01
480.0,80.57,78.92,82.22
485.0,80.31,78.72,81.89
490.0,80.32,78.75,81.89
495.0,80.73,79.08,82.38
500.0,80.15,78.53,81.76
505.0,79.88,78.23,81.53
510.0,80.42,78.78,82.06
515.0,79.32,77.69,80.96
520.0,79.91,78.32,81.50
525.0,79.84,78.17,81.52
530.0,79.80,78.17,81.43
535.0,79.57,78.05,81.10
540.0,79.60,78.13,81.07
545.0,79.64,78.13,81.15
550.0,79.58,78.00,81.16
555.0,79.33,77.63,81.04
560.0,79.23,77.59,80.86
565.0,79.27,77.67,80.86
570.0,79.29,77.70,80.88
575.0,78.51,76.90,80.12
580.0,78.24,76.61,79.87
585.0,78.20,76.59,79.82
590.0,78.26,76.70,79.82
595.0,78.21,76.69,79.73
600.0,78.63,77.10,80.15
605.0,78.07,76.52,79.63
610.0,77.68,76.21,79.16
615.0,77.54,76.02,79.07
620.0,77.48,75.96,79.00
625.0,78.07,76.58,79.55
630.0,77.42,75.97,78.88
635.0,77.51,75.89,79.13
640.0,77.38,75.90,78.86
645.0,77.20,75.67,78.72
650.0,77.06,75.54,78.57
655.0,76.40,74.78,78.03
660.0,76.52,75.03,78.02
665.0,76.81,75.33,78.30
670.0,76.75,75.25,78.25
675.0,77.39,75.86,78.93
680.0,76.13,74.63,77.62
685.0,76.22,74.74,77.69
690.0,76.19,74.71,77.67
695.0,76.09,74.56,77.62
700.0,76.24,74.73,77.75
705.0,75.85,74.35,77.36
710.0,75.70,74.12,77.27
715.0,75.51,74.00,77.01
720.0,75.40,73.93,76.88
725.0,75.46,73.90,77.03
730.0,75.94,74.43,77.46
735.0,74.85,73.43,76.26
740.0,75.16,73.74,76.57
745.0,75.43,73.97,76.88
750.0,75.57,74.01,77.12
755.0,75.49,73.96,77.02
760.0,75.06,73.53,76.58
765.0,75.90,74.35,77.45
770.0,75.76,74.24,77.29
775.0,75.24,73.67,76.82
780.0,75.26,73.77,76.75
785.0,75.05,73.56,76.53
790.0,74.66,73.16,76.15
795.0,75.26,73.76,76.77
800.0,75.20,73.62,76.78
805.0,74.89,73.30,76.47
810.0,74.68,73.30,76.07
815.0,74.49,72.88,76.09
820.0,74.85,73.34,76.37
825.0,74.69,73.21,76.16
830.0,74.82,73.23,76.42
835.0,75.38,73.75,77.02
840.0,74.48,72.97,75.99
845.0,74.50,72.98,76.02
850.0,74.60,73.02,76.17
855.0,74.14,72.64,75.65
860.0,74.06,72.55,75.57
865.0,74.30,72.77,75.82
870.0,75.29,73.83,76.75
875.0,74.47,72.83,76.12
880.0,74.46,73.04,75.89
885.0,73.75,72.29,75.22
890.0,74.28,72.79,75.77
895.0,73.72,72.30,75.13
900.0,73.78,72.34,75.22
905.0,73.51,71.98,75.03
910.0,73.99,72.53,75.45
915.0,74.46,73.05,75.88
920.0,73.99,72.54,75.44
925.0,73.77,72.38,75.15
930.0,73.33,71.92,74.75
935.0,73.19,71.68,74.70
940.0,73.73,72.32,75.14
945.0,74.11,72.54,75.69
950.0,73.57,72.13,75.01
955.0,73.86,72.47,75.26
960.0,73.80,72.34,75.26
965.0,73.30,71.87,74.73
970.0,73.39,71.82,74.96
975.0,74.27,72.73,75.82
980.0,73.91,72.38,75.44
985.0,72.42,70.88,73.96
990.0,73.39,71.95,74.83
995.0,73.22,71.76,74.67
1000.0,73.42,71.91,74.92
1005.0,73.38,71.97,74.80
1010.0,73.34,71.85,74.82
1015.0,72.70,71.28,74.13
1020.0,72.64,71.30,73.98
1025.0,72.88,71.42,74.34
1030.0,72.85,71.47,74.24
1035.0,72.20,70.73,73.66
1040.0,73.13,71.58,74.68
1045.0,72.44,71.06,73.83
1050.0,73.24,71.77,74.71
1055.0,73.10,71.59,74.61
1060.0,72.91,71.46,74.36
1065.0,72.54,71.12,73.95
1070.0,72.98,71.59,74.38
1075.0,72.61,71.13,74.08
1080.0,72.34,70.92,73.77
1085.0,72.43,70.96,73.91
1090.0,73.02,71.49,74.54
1095.0,73.13,71.83,74.43
1100.0,72.10,70.65,73.54
1105.0,72.27,70.80,73.74
1110.0,72.57,71.17,73.96
1115.0,72.55,71.11,73.99
1120.0,72.75,71.28,74.22
1125.0,71.83,70.33,73.34
1130.0,71.99,70.52,73.47
1135.0,72.32,70.90,73.74
1140.0,71.95,70.53,73.36
1145.0,71.79,70.29,73.29
1150.0,71.51,70.16,72.85
1155.0,71.82,70.50,73.13
1160.0,71.73,70.41,73.05
1165.0,72.12,70.80,73.45
1170.0,72.24,70.89,73.59
1175.0,71.95,70.56,73.34
1180.0,71.41,69.99,72.83
1185.0,71.82,70.45,73.19
1190.0,71.73,70.33,73.12
1195.0,71.72,70.32,73.13
1200.0,71.77,70.41,73.14
1205.0,71.20,69.96,72.43
1210.0,71.74,70.43,73.05
1215.0,72.10,70.72,73.49
1220.0,72.21,70.77,73.66
1225.0,71.06,69.68,72.44
1230.0,72.19,70.76,73.61
1235.0,72.28,70.97,73.59
1240.0,71.45,70.08,72.83
1245.0,71.36,70.03,72.68
1250.0,71.80,70.36,73.23
1255.0,70.57,69.21,71.93
1260.0,70.96,69.78,72.15
1265.0,71.36,69.94,72.79
1270.0,71.58,70.16,73.01
1275.0,71.48,70.06,72.90
1280.0,71.19,69.79,72.58
1285.0,71.11,69.76,72.46
1290.0,71.23,69.77,72.68
1295.0,71.43,70.08,72.78
1300.0,71.47,70.14,72.79
1305.0,71.36,70.02,72.71
1310.0,70.30,68.88,71.72
1315.0,71.34,69.94,72.73
1320.0,71.21,69.77,72.64
1325.0,71.10,69.72,72.49
1330.0,70.80,69.40,72.21
1335.0,70.60,69.25,71.95
1340.0,70.38,68.98,71.78
1345.0,71.75,70.32,73.18
1350.0,70.52,69.18,71.86
1355.0,70.46,69.06,71.86
1360.0,70.62,69.19,72.06
1365.0,69.72,68.42,71.02
1370.0,70.14,68.78,71.51
1375.0,71.72,70.32,73.13
1380.0,69.97,68.67,71.28
1385.0,70.21,68.85,71.56
1390.0,70.68,69.28,72.08
1395.0,70.32,68.88,71.75
1400.0,69.93,68.61,71.26
1405.0,70.76,69.32,72.20
1410.0,70.10,68.67,71.53
1415.0,70.32,68.97,71.68
1420.0,69.75,68.40,71.09
1425.0,70.48,69.01,71.96
1430.0,70.54,69.14,71.93
1435.0,69.75,68.36,71.15
1440.0,69.55,68.11,71.00
1445.0,70.55,69.21,71.89
1450.0,70.20,68.88,71.53
1455.0,69.85,68.48,71.23
1460.0,69.75,68.40,71.09
1465.0,69.13,67.74,70.51
1470.0,70.01,68.54,71.47
1475.0,70.13,68.74,71.53
1480.0,69.59,68.29,70.89
1485.0,69.93,68.56,71.30
1490.0,69.47,68.14,70.81
1495.0,69.53,68.10,70.95
1500.0,70.00,68.66,71.33
