trial,mean,ci_down,ci_up
0.0,34.87,34.39,35.35
5.0,32.12,31.66,32.59
10.0,30.59,30.14,31.03
15.0,29.66,29.17,30.14
20.0,29.27,28.76,29.77
25.0,28.45,27.95,28.95
30.0,28.42,27.87,28.98
35.0,27.63,27.10,28.17
40.0,27.67,27.11,28.24
45.0,27.39,26.83,27.95
50.0,26.76,26.19,27.32
55.0,26.62,26.04,27.19
60.0,26.77,26.18,27.36
65.0,26.42,25.86,26.99
70.0,25.96,25.39,26.54
75.0,25.62,25.06,26.19
80.0,25.55,24.99,26.11
85.0,25.03,24.50,25.56
90.0,25.08,24.52,25.64
95.0,25.10,24.54,25.67
100.0,24.55,24.02,25.08
105.0,24.40,23.88,24.91
110.0,24.53,23.98,25.09
115.0,24.18,23.65,24.71
120.0,24.03,23.53,24.53
125.0,23.95,23.43,24.47
130.0,23.73,23.22,24.23
135.0,23.70,23.18,24.21
140.0,23.12,22.62,23.62
145.0,23.37,22.88,23.85
150.0,23.07,22.56,23.58
155.0,23.17,22.66,23.68
160.0,22.81,22.33,23.30
165.0,22.56,22.09,23.02
170.0,22.29,21.79,22.78
175.0,22.66,22.16,23.16
180.0,22.05,21.56,22.54
185.0,22.17,21.68,22.66
190.0,21.82,21.35,22.28
195.0,22.07,21.60,22.54
200.0,22.04,21.57,22.52
205.0,21.69,21.22,22.16
210.0,21.34,20.89,21.79
215.0,21.57,21.12,22.03
220.0,21.32,20.86,21.78
225.0,21.13,20.69,21.58
230.0,21.09,20.66,21.53
235.0,21.23,20.77,21.68
240.0,21.22,20.76,21.68
245.0,20.88,20.42,21.34
250.0,20.98,20.54,21.43
255.0,20.56,20.12,20.99
260.0,20.51,20.07,20.95
265.0,20.38,19.93,20.83
270.0,20.51,20.07,20.94
275.0,20.38,19.93,20.84
280.0,20.51,20.08,20.94
285.0,20.40,19.96,20.84
290.0,20.04,19.62,20.46
295.0,20.12,19.68,20.57
300.0,20.34,19.91,20.78
305.0,19.95,19.51,20.38
310.0,20.00,19.55,20.44
315.0,19.92,19.49,20.35
320.0,19.94,19.50,20.37
325.0,19.85,19.42,20.29
330.0,19.78,19.35,20.21
335.0,19.73,19.32,20.14
340.0,19.66,19.25,20.08
345.0,19.43,19.01,19.84
350.0,19.42,18.99,19.84
355.0,19.36,18.96,19.76
360.0,19.51,19.08,19.93
365.0,19.34,18.95,19.73
370.0,19.59,19.18,20.00
375.0,19.39,18.99,19.78
380.0,19.29,18.88,19.69
385.0,19.12,18.71,19.52
390.0,19.02,18.64,19.40
395.0,19.12,18.72,19.53
400.0,19.32,18.91,19.73
405.0,19.17,18.77,19.57
410.0,18.88,18.49,19.28
415.0,18.75,18.36,19.15
420.0,18.96,18.57,19.35
425.0,19.05,18.66,19.44
430.0,18.76,18.37,19.15
435.0,19.18,18.78,19.57
440.0,18.77,18.39,19.16
445.0,18.79,18.41,19.17
450.0,18.88,18.48,19.29
455.0,18.67,18.27,19.06
460.0,18.55,18.16,18.94
465.0,18.75,18.35,19.15
470.0,18.88,18.48,19.28
475.0,18.66,18.29,19.03
480.0,18.43,18.05,18.82
485.0,18.52,18.12,18.93
490.0,18.69,18.29,19.10
495.0,18.55,18.17,18.93
500.0,18.87,18.44,19.29
505.0,18.47,18.10,18.85
510.0,18.30,17.91,18.69
515.0,18.86,18.45,19.26
520.0,18.41,18.02,18.80
525.0,18.58,18.19,18.96
530.0,18.33,17.94,18.72
535.0,18.51,18.14,18.89
540.0,18.56,18.18,18.94
545.0,18.36,17.98,18.74
550.0,18.37,17.99,18.76
555.0,18.45,18.07,18.82
560.0,18.36,17.98,18.74
565.0,18.35,17.98,18.72
570.0,18.28,17.91,18.65
575.0,18.36,17.97,18.74
580.0,18.37,17.98,18.75
585.0,18.12,17.74,18.49
590.0,18.05,17.69,18.42
595.0,18.12,17.74,18.50
600.0,18.08,17.70,18.45
605.0,18.22,17.85,18.60
610.0,18.24,17.85,18.62
615.0,18.13,17.75,18.51
620.0,18.24,17.87,18.62
625.0,18.18,17.81,18.56
630.0,18.12,17.74,18.50
635.0,18.28,17.90,18.65
640.0,18.05,17.69,18.42
645.0,18.17,17.79,18.55
650.0,18.20,17.84,18.57
655.0,18.32,17.95,18.70
660.0,18.18,17.79,18.57
665.0,18.02,17.66,18.39
670.0,18.00,17.64,18.37
675.0,18.29,17.92,18.67
680.0,18.03,17.67,18.38
685.0,18.12,17.76,18.48
690.0,18.14,17.76,18.51
695.0,17.96,17.60,18.32
700.0,18.20,17.82,18.57
705.0,18.03,17.67,18.38
710.0,18.03,17.66,18.39
715.0,18.09,17.71,18.47
720.0,18.28,17.91,18.65
725.0,17.79,17.41,18.16
730.0,18.11,17.72,18.50
735.0,18.18,17.80,18.56
740.0,18.10,17.72,18.47
745.0,18.21,17.83,18.58
750.0,18.09,17.73,18.46
755.0,18.29,17.91,18.67
760.0,18.00,17.62,18.38
765.0,18.11,17.75,18.46
770.0,18.21,17.83,18.60
775.0,18.01,17.65,18.38
780.0,18.09,17.72,18.46
785.0,17.92,17.55,18.29
790.0,18.05,17.67,18.42
795.0,18.00,17.62,18.38
800.0,17.98,17.59,18.38
805.0,18.02,17.64,18.40
810.0,18.04,17.67,18.41
815.0,17.99,17.62,18.37
820.0,17.95,17.57,18.32
825.0,17.95,17.58,18.31
830.0,18.23,17.84,18.62
835.0,17.97,17.60,18.35
840.0,18.00,17.63,18.36
845.0,18.14,17.76,18.52
850.0,18.13,17.75,18.52
855.0,18.11,17.73,18.49
860.0,18.07,17.70,18.44
865.0,17.97,17.59,18.35
870.0,18.27,17.90,18.64
875.0,18.00,17.62,18.38
880.0,18.13,17.76,18.50
885.0,18.08,17.70,18.45
890.0,17.84,17.49,18.20
895.0,18.21,17.82,18.60
900.0,18.24,17.85,18.63
905.0,17.98,17.60,18.35
910.0,18.16,17.78,18.53
915.0,18.08,17.72,18.45
920.0,17.96,17.60,18.32
925.0,18.13,17.76,18.50
930.0,18.00,17.63,18.37
935.0,18.08,17.70,18.46
940.0,17.99,17.63,18.36
945.0,18.01,17.64,18.37
950.0,18.11,17.74,18.48
955.0,18.11,17.73,18.48
960.0,18.10,17.73,18.47
965.0,18.20,17.83,18.57
970.0,18.20,17.83,18.57
975.0,18.20,17.84,18.57
980.0,18.01,17.64,18.37
985.0,18.19,17.82,18.56
990.0,18.20,17.82,18.58
995.0,18.16,17.79,18.52
1000.0,18.33,17.94,18.72
