trial,mean,ci_down,ci_up
0.0,0.00,0.00,0.00
5.0,279.14,265.18,293.11
10.0,466.85,451.24,482.45
15.0,612.17,595.60,628.74
20.0,740.68,723.09,758.27
25.0,857.23,839.59,874.87
30.0,968.39,949.33,987.45
35.0,1069.74,1049.43,1090.06
40.0,1164.26,1143.05,1185.47
45.0,1258.55,1236.42,1280.68
50.0,1345.38,1322.08,1368.69
55.0,1431.60,1407.95,1455.25
60.0,1518.48,1493.17,1543.79
65.0,1602.12,1575.58,1628.67
70.0,1683.96,1656.59,1711.33
75.0,1764.69,1736.19,1793.18
80.0,1842.21,1812.93,1871.49
85.0,1919.09,1889.21,1948.96
90.0,1994.19,1963.31,2025.08
95.0,2067.46,2035.35,2099.58
100.0,2143.45,2110.24,2176.65
105.0,2215.51,2182.20,2248.82
110.0,2285.00,2250.83,2319.17
115.0,2354.67,2319.67,2389.68
120.0,2425.59,2389.95,2461.23
125.0,2494.43,2457.60,2531.26
130.0,2562.16,2524.95,2599.37
135.0,2630.75,2592.87,2668.64
140.0,2697.95,2659.44,2736.46
145.0,2764.38,2725.16,2803.59
150.0,2828.29,2788.71,2867.86
155.0,2890.18,2850.29,2930.07
160.0,2953.76,2913.42,2994.09
165.0,3014.71,2973.56,3055.86
170.0,3080.31,3039.13,3121.50
175.0,3141.71,3100.31,3183.10
180.0,3203.61,3161.35,3245.87
185.0,3262.90,3220.44,3305.35
190.0,3325.21,3282.13,3368.30
195.0,3385.20,3341.32,3429.07
200.0,3446.77,3402.73,3490.81
205.0,3504.04,3459.64,3548.44
210.0,3561.57,3516.53,3606.62
215.0,3619.33,3573.84,3664.82
220.0,3674.84,3628.84,3720.85
225.0,3731.74,3685.08,3778.40
230.0,3789.29,3742.31,3836.27
235.0,3843.29,3796.03,3890.55
240.0,3898.53,3850.51,3946.55
245.0,3952.33,3904.06,4000.61
250.0,4004.06,3955.88,4052.23
255.0,4057.02,4008.97,4105.08
260.0,4109.91,4061.59,4158.24
265.0,4162.83,4114.53,4211.14
270.0,4214.54,4166.15,4262.93
275.0,4268.28,4219.65,4316.92
280.0,4322.76,4273.96,4371.56
285.0,4373.97,4324.57,4423.37
290.0,4424.28,4374.64,4473.91
295.0,4476.12,4425.88,4526.36
300.0,4526.61,4476.42,4576.80
305.0,4578.29,4527.80,4628.79
310.0,4627.48,4576.61,4678.36
315.0,4677.12,4626.16,4728.08
320.0,4725.67,4674.50,4776.84
325.0,4773.63,4722.27,4825.00
330.0,4820.72,4769.21,4872.24
335.0,4868.83,4817.27,4920.39
340.0,4918.06,4866.23,4969.89
345.0,4966.38,4914.25,5018.51
350.0,5014.37,4961.93,5066.82
355.0,5061.11,5008.48,5113.73
360.0,5107.94,5054.71,5161.16
365.0,5153.64,5100.17,5207.11
370.0,5199.68,5146.10,5253.26
375.0,5246.05,5192.10,5300.00
380.0,5291.51,5237.49,5345.53
385.0,5337.38,5283.32,5391.44
390.0,5382.49,5328.37,5436.62
395.0,5426.50,5372.30,5480.70
400.0,5469.37,5414.82,5523.93
405.0,5515.61,5460.92,5570.31
410.0,5559.61,5504.62,5614.61
415.0,5603.20,5547.88,5658.53
420.0,5647.12,5591.68,5702.55
425.0,5689.92,5634.28,5745.56
430.0,5734.43,5678.51,5790.36
435.0,5778.48,5722.20,5834.77
440.0,5818.62,5761.96,5875.29
445.0,5861.27,5804.09,5918.44
450.0,5903.96,5846.34,5961.58
455.0,5947.13,5889.35,6004.92
460.0,5990.37,5932.31,6048.43
465.0,6031.27,5972.69,6089.86
470.0,6071.63,6013.03,6130.23
475.0,6113.88,6055.06,6172.70
480.0,6155.00,6095.99,6214.01
485.0,6195.50,6136.38,6254.62
490.0,6236.75,6177.45,6296.06
495.0,6276.35,6217.15,6335.56
500.0,6315.12,6255.77,6374.48
505.0,6356.15,6296.52,6415.78
510.0,6395.80,6335.76,6455.83
515.0,6436.46,6376.35,6496.57
520.0,6474.36,6414.18,6534.54
525.0,6512.51,6452.27,6572.75
530.0,6549.91,6489.50,6610.32
535.0,6589.54,6528.85,6650.23
540.0,6628.76,6567.75,6689.77
545.0,6665.87,6604.90,6726.85
550.0,6705.25,6644.01,6766.48
555.0,6744.31,6682.85,6805.76
560.0,6783.65,6722.21,6845.09
565.0,6820.43,6759.05,6881.80
570.0,6858.66,6797.15,6920.17
575.0,6897.67,6835.77,6959.57
580.0,6934.64,6872.74,6996.55
585.0,6973.42,6911.31,7035.54
590.0,7011.08,6948.68,7073.49
595.0,7047.32,6984.95,7109.70
600.0,7083.11,7020.64,7145.57
605.0,7119.16,7056.44,7181.88
610.0,7155.05,7092.20,7217.89
615.0,7192.03,7128.92,7255.15
620.0,7229.06,7166.27,7291.85
625.0,7267.12,7204.63,7329.61
630.0,7303.07,7240.21,7365.92
635.0,7338.85,7275.70,7401.99
640.0,7374.47,7311.16,7437.78
645.0,7409.63,7346.28,7472.98
650.0,7444.50,7380.93,7508.07
655.0,7479.63,7415.97,7543.29
660.0,7515.25,7451.52,7578.99
665.0,7549.45,7485.61,7613.30
670.0,7584.70,7520.63,7648.76
675.0,7619.57,7555.15,7683.99
680.0,7654.66,7590.06,7719.26
685.0,7690.57,7625.78,7755.35
690.0,7723.17,7658.38,7787.97
695.0,7758.19,7693.48,7822.90
700.0,7794.15,7729.49,7858.81
705.0,7827.81,7762.93,7892.69
710.0,7861.56,7796.55,7926.57
715.0,7894.55,7829.33,7959.76
720.0,7927.88,7862.41,7993.34
725.0,7962.77,7897.16,8028.38
730.0,7995.12,7929.40,8060.85
735.0,8027.41,7961.37,8093.46
740.0,8058.52,7992.34,8124.71
745.0,8090.98,8024.82,8157.13
750.0,8124.54,8058.39,8190.69
755.0,8158.12,8091.59,8224.66
760.0,8189.94,8123.20,8256.68
765.0,8222.10,8155.38,8288.82
770.0,8255.50,8188.82,8322.18
775.0,8288.08,8221.47,8354.70
780.0,8319.60,8253.05,8386.15
785.0,8352.46,8285.76,8419.16
790.0,8383.32,8316.52,8450.12
795.0,8413.58,8346.71,8480.45
800.0,8444.00,8376.97,8511.02
805.0,8475.03,8407.72,8542.34
810.0,8505.92,8438.51,8573.34
815.0,8536.95,8469.56,8604.34
820.0,8568.04,8500.38,8635.70
825.0,8598.41,8530.75,8666.08
830.0,8629.00,8561.11,8696.88
835.0,8659.34,8591.53,8727.16
840.0,8689.50,8621.47,8757.52
845.0,8720.75,8652.66,8788.83
850.0,8752.35,8684.24,8820.47
855.0,8783.39,8715.29,8851.50
860.0,8813.71,8745.63,8881.78
865.0,8842.87,8774.73,8911.01
870.0,8874.15,8806.03,8942.26
875.0,8903.46,8835.38,8971.55
880.0,8933.80,8865.74,9001.85
885.0,8964.54,8896.49,9032.59
890.0,8993.73,8925.66,9061.80
895.0,9023.70,8955.73,9091.67
900.0,9053.81,8985.83,9121.78
905.0,9084.19,9016.10,9152.27
910.0,9113.80,9045.64,9181.95
915.0,9141.61,9073.41,9209.81
920.0,9170.95,9102.61,9239.29
925.0,9200.51,9131.98,9269.04
930.0,9230.29,9161.86,9298.72
935.0,9258.27,9189.97,9326.57
940.0,9285.22,9216.79,9353.64
945.0,9313.84,9245.17,9382.51
950.0,9342.00,9273.39,9410.60
955.0,9369.81,9300.98,9438.64
960.0,9398.15,9329.04,9467.27
965.0,9425.21,9356.04,9494.38
970.0,9454.01,9384.69,9523.33
975.0,9481.56,9412.03,9551.09
980.0,9509.87,9440.05,9579.68
985.0,9536.67,9466.78,9606.57
990.0,9563.49,9493.62,9633.35
995.0,9590.07,9520.04,9660.09
1000.0,9616.87,9546.95,9686.80
1005.0,9645.19,9575.33,9715.05
1010.0,9672.78,9602.86,9742.70
1015.0,9699.69,9629.71,9769.67
1020.0,9726.02,9656.22,9795.83
1025.0,9751.72,9681.87,9821.57
1030.0,9781.41,9711.41,9851.41
1035.0,9808.57,9738.48,9878.67
1040.0,9834.74,9764.72,9904.76
1045.0,9861.86,9791.71,9932.02
1050.0,9887.01,9816.73,9957.29
1055.0,9912.70,9842.48,9982.92
1060.0,9939.87,9869.69,10010.06
1065.0,9966.30,9896.03,10036.56
1070.0,9993.11,9922.77,10063.44
1075.0,10017.71,9947.33,10088.09
1080.0,10043.84,9973.57,10114.10
1085.0,10069.32,9998.99,10139.65
1090.0,10095.87,10025.69,10166.06
1095.0,10120.98,10050.63,10191.33
1100.0,10148.04,10077.56,10218.53
1105.0,10172.29,10101.74,10242.84
1110.0,10196.87,10126.27,10267.47
1115.0,10222.09,10151.58,10292.59
1120.0,10248.25,10177.87,10318.62
1125.0,10273.15,10202.68,10343.62
1130.0,10297.92,10227.25,10368.59
1135.0,10323.50,10252.86,10394.14
1140.0,10348.53,10277.78,10419.29
1145.0,10372.54,10301.69,10443.39
1150.0,10396.48,10325.67,10467.29
1155.0,10420.84,10349.95,10491.73
1160.0,10444.52,10373.58,10515.45
1165.0,10469.65,10398.86,10540.44
1170.0,10493.99,10423.23,10564.75
1175.0,10518.46,10447.53,10589.39
1180.0,10541.49,10470.58,10612.39
1185.0,10565.33,10494.34,10636.33
1190.0,10589.36,10518.34,10660.38
1195.0,10613.21,10541.77,10684.65
1200.0,10637.23,10565.84,10708.62
1205.0,10660.52,10589.18,10731.86
1210.0,10684.68,10613.25,10756.12
1215.0,10710.41,10639.00,10781.83
1220.0,10735.13,10663.65,10806.61
1225.0,10758.51,10686.90,10830.12
1230.0,10782.40,10710.74,10854.06
1235.0,10804.79,10733.13,10876.45
1240.0,10828.23,10756.54,10899.92
1245.0,10851.67,10779.92,10923.41
1250.0,10876.64,10805.13,10948.16
1255.0,10898.89,10827.20,10970.58
1260.0,10922.13,10850.31,10993.95
1265.0,10944.75,10873.05,11016.45
1270.0,10968.32,10896.58,11040.05
1275.0,10992.17,10920.58,11063.77
1280.0,11015.10,10943.67,11086.53
1285.0,11036.56,10965.17,11107.95
1290.0,11058.65,10987.26,11130.04
1295.0,11081.94,11010.67,11153.21
1300.0,11105.08,11033.63,11176.53
1305.0,11127.36,11055.93,11198.79
1310.0,11151.14,11079.89,11222.40
1315.0,11174.06,11102.82,11245.29
1320.0,11196.65,11125.62,11267.67
1325.0,11218.99,11148.18,11289.80
1330.0,11240.93,11170.18,11311.69
1335.0,11263.39,11192.83,11333.95
1340.0,11286.07,11215.33,11356.81
1345.0,11306.62,11235.99,11377.26
1350.0,11328.59,11257.75,11399.44
1355.0,11349.87,11279.09,11420.65
1360.0,11372.45,11301.65,11443.24
1365.0,11393.66,11322.70,11464.61
1370.0,11415.41,11344.50,11486.32
1375.0,11437.83,11367.00,11508.66
1380.0,11459.59,11388.80,11530.37
1385.0,11481.56,11410.72,11552.40
1390.0,11502.30,11431.57,11573.02
1395.0,11523.99,11453.27,11594.72
1400.0,11545.64,11474.69,11616.59
1405.0,11566.49,11495.61,11637.37
1410.0,11586.84,11515.89,11657.79
1415.0,11609.24,11538.22,11680.26
1420.0,11630.50,11559.70,11701.30
1425.0,11651.94,11581.08,11722.80
1430.0,11673.57,11602.81,11744.34
1435.0,11694.65,11623.79,11765.51
1440.0,11715.89,11645.08,11786.70
1445.0,11736.47,11665.72,11807.21
1450.0,11757.45,11686.69,11828.20
1455.0,11779.23,11708.52,11849.94
1460.0,11801.02,11730.36,11871.68
1465.0,11822.45,11751.68,11893.21
1470.0,11843.42,11772.86,11913.98
1475.0,11863.00,11792.66,11933.35
1480.0,11883.68,11813.42,11953.94
1485.0,11904.50,11834.36,11974.64
1490.0,11924.03,11853.78,11994.27
1495.0,11944.34,11874.11,12014.58
1500.0,11964.07,11893.91,12034.23
