trial,mean,ci_down,ci_up
0.0,0.00,0.00,0.00
5.0,182.19,178.44,185.93
10.0,316.18,311.82,320.54
15.0,421.53,417.04,426.02
20.0,512.12,507.55,516.69
25.0,588.78,584.08,593.48
30.0,657.89,652.93,662.85
35.0,721.57,716.34,726.81
40.0,781.75,776.17,787.33
45.0,839.27,833.53,845.02
50.0,895.52,889.49,901.55
55.0,948.10,941.77,954.44
60.0,1000.50,993.83,1007.17
65.0,1051.04,1044.00,1058.09
70.0,1100.24,1092.86,1107.62
75.0,1149.05,1141.41,1156.69
80.0,1197.71,1189.81,1205.62
85.0,1246.75,1238.58,1254.92
90.0,1295.35,1286.91,1303.79
95.0,1344.09,1335.39,1352.80
100.0,1392.47,1383.53,1401.42
105.0,1439.01,1429.82,1448.19
110.0,1483.45,1474.01,1492.88
115.0,1529.89,1520.22,1539.55
120.0,1575.13,1565.22,1585.05
125.0,1621.59,1611.51,1631.66
130.0,1666.97,1656.71,1677.23
135.0,1712.69,1702.30,1723.09
140.0,1755.74,1745.16,1766.31
145.0,1800.47,1789.75,1811.20
150.0,1844.51,1833.57,1855.46
155.0,1886.96,1875.76,1898.15
160.0,1930.06,1918.65,1941.47
165.0,1971.74,1960.13,1983.34
170.0,2013.46,2001.60,2025.33
175.0,2055.09,2043.06,2067.11
180.0,2096.01,2083.75,2108.27
185.0,2137.87,2125.35,2150.39
190.0,2179.10,2166.40,2191.80
195.0,2220.06,2207.14,2232.97
200.0,2261.70,2248.55,2274.86
205.0,2301.57,2288.19,2314.94
210.0,2343.71,2330.16,2357.26
215.0,2383.84,2370.13,2397.55
220.0,2425.30,2411.34,2439.26
225.0,2464.87,2450.70,2479.03
230.0,2504.54,2490.25,2518.83
235.0,2544.04,2529.57,2558.51
240.0,2584.97,2570.24,2599.70
245.0,2624.46,2609.52,2639.39
250.0,2664.28,2649.16,2679.40
255.0,2702.30,2686.99,2717.61
260.0,2741.37,2725.90,2756.85
265.0,2780.28,2764.61,2795.95
270.0,2818.03,2802.16,2833.90
275.0,2856.50,2840.49,2872.52
280.0,2894.76,2878.55,2910.96
285.0,2933.70,2917.28,2950.13
290.0,2971.65,2955.09,2988.21
295.0,3009.07,2992.34,3025.80
300.0,3045.20,3028.36,3062.05
305.0,3081.60,3064.60,3098.60
310.0,3118.03,3100.96,3135.09
315.0,3154.71,3137.56,3171.87
320.0,3190.93,3173.61,3208.24
325.0,3227.34,3209.81,3244.86
330.0,3262.86,3245.25,3280.48
335.0,3299.11,3281.35,3316.86
340.0,3334.55,3316.63,3352.46
345.0,3369.69,3351.66,3387.71
350.0,3405.91,3387.75,3424.08
355.0,3439.94,3421.65,3458.23
360.0,3474.41,3456.05,3492.76
365.0,3508.48,3489.94,3527.02
370.0,3544.00,3525.34,3562.66
375.0,3578.95,3560.12,3597.78
380.0,3614.17,3595.17,3633.16
385.0,3648.34,3629.27,3667.40
390.0,3681.44,3662.21,3700.67
395.0,3714.92,3695.57,3734.28
400.0,3748.35,3728.86,3767.83
405.0,3782.13,3762.54,3801.73
410.0,3816.38,3796.68,3836.08
415.0,3850.44,3830.58,3870.30
420.0,3883.72,3863.68,3903.76
425.0,3916.39,3896.24,3936.55
430.0,3949.26,3928.91,3969.61
435.0,3982.29,3961.84,4002.74
440.0,4016.28,3995.71,4036.84
445.0,4048.37,4027.69,4069.05
450.0,4081.35,4060.60,4102.10
455.0,4113.72,4092.88,4134.56
460.0,4146.14,4125.19,4167.09
465.0,4178.73,4157.67,4199.79
470.0,4211.83,4190.67,4232.99
475.0,4244.81,4223.57,4266.05
480.0,4276.07,4254.73,4297.40
485.0,4306.78,4285.34,4328.22
490.0,4338.83,4317.27,4360.39
495.0,4370.69,4349.04,4392.34
500.0,4403.31,4381.56,4425.06
505.0,4434.29,4412.41,4456.16
510.0,4465.20,4443.18,4487.22
515.0,4496.54,4474.45,4518.64
520.0,4527.15,4504.96,4549.33
525.0,4558.14,4535.86,4580.42
530.0,4589.22,4566.89,4611.55
535.0,4620.27,4597.89,4642.66
540.0,4649.51,4627.13,4671.90
545.0,4679.44,4657.02,4701.85
550.0,4710.00,4687.49,4732.51
555.0,4739.21,4716.63,4761.78
560.0,4768.43,4745.74,4791.11
565.0,4797.88,4775.17,4820.59
570.0,4827.74,4804.98,4850.50
575.0,4856.66,4833.80,4879.52
580.0,4885.30,4862.42,4908.18
585.0,4913.87,4890.95,4936.79
590.0,4942.59,4919.61,4965.57
595.0,4972.23,4949.18,4995.28
600.0,5001.12,4978.00,5024.25
605.0,5029.75,5006.58,5052.93
610.0,5058.76,5035.53,5081.99
615.0,5087.33,5064.03,5110.63
620.0,5115.50,5092.11,5138.88
625.0,5144.18,5120.72,5167.65
630.0,5171.91,5148.40,5195.42
635.0,5200.34,5176.73,5223.95
640.0,5228.41,5204.76,5252.07
645.0,5256.81,5233.12,5280.51
650.0,5285.42,5261.67,5309.18
655.0,5313.20,5289.36,5337.04
660.0,5340.41,5316.49,5364.33
665.0,5368.35,5344.41,5392.30
670.0,5395.62,5371.59,5419.65
675.0,5422.31,5398.25,5446.38
680.0,5449.12,5425.00,5473.23
685.0,5476.16,5451.98,5500.34
690.0,5503.18,5478.95,5527.42
695.0,5528.91,5504.62,5553.21
700.0,5555.96,5531.60,5580.32
705.0,5582.24,5557.87,5606.61
710.0,5609.29,5584.87,5633.71
715.0,5635.18,5610.76,5659.60
720.0,5661.77,5637.34,5686.20
725.0,5687.51,5663.01,5712.00
730.0,5714.51,5689.97,5739.05
735.0,5741.21,5716.63,5765.79
740.0,5766.32,5741.73,5790.91
745.0,5792.88,5768.17,5817.59
750.0,5818.16,5793.40,5842.91
755.0,5843.95,5819.16,5868.73
760.0,5869.80,5844.96,5894.64
765.0,5894.75,5869.86,5919.64
770.0,5919.98,5895.04,5944.91
775.0,5945.62,5920.68,5970.57
780.0,5970.60,5945.65,5995.56
785.0,5996.26,5971.26,6021.25
790.0,6021.00,5995.97,6046.03
795.0,6045.73,6020.69,6070.78
800.0,6070.39,6045.33,6095.45
805.0,6095.26,6070.17,6120.34
810.0,6119.34,6094.21,6144.47
815.0,6143.73,6118.53,6168.92
820.0,6168.39,6143.14,6193.64
825.0,6192.08,6166.80,6217.36
830.0,6216.40,6191.13,6241.67
835.0,6240.15,6214.87,6265.44
840.0,6264.25,6238.94,6289.55
845.0,6288.14,6262.82,6313.47
850.0,6311.50,6286.15,6336.85
855.0,6335.58,6310.23,6360.93
860.0,6358.63,6333.20,6384.05
865.0,6381.68,6356.24,6407.12
870.0,6404.69,6379.20,6430.19
875.0,6428.06,6402.49,6453.62
880.0,6450.74,6425.16,6476.32
885.0,6474.68,6449.11,6500.26
890.0,6498.15,6472.56,6523.74
895.0,6521.38,6495.76,6547.00
900.0,6544.82,6519.17,6570.47
905.0,6567.98,6542.36,6593.60
910.0,6590.93,6565.25,6616.60
915.0,6613.89,6588.18,6639.61
920.0,6636.49,6610.77,6662.21
925.0,6658.34,6632.57,6684.10
930.0,6680.94,6655.13,6706.76
935.0,6703.55,6677.69,6729.42
940.0,6725.70,6699.80,6751.61
945.0,6748.26,6722.34,6774.18
950.0,6770.63,6744.71,6796.54
955.0,6793.06,6767.10,6819.02
960.0,6814.91,6788.94,6840.89
965.0,6837.14,6811.14,6863.15
970.0,6859.31,6833.25,6885.38
975.0,6880.58,6854.49,6906.67
980.0,6902.09,6876.00,6928.18
985.0,6923.86,6897.78,6949.94
990.0,6945.65,6919.54,6971.76
995.0,6967.16,6941.05,6993.27
1000.0,6988.89,6962.72,7015.06
