trial,mean,ci_down,ci_up
0.0,34.98,34.36,35.61
5.0,31.77,31.21,32.33
10.0,30.48,29.94,31.03
15.0,29.72,29.10,30.35
20.0,29.04,28.41,29.66
25.0,28.42,27.82,29.02
30.0,28.20,27.53,28.87
35.0,27.41,26.77,28.05
40.0,27.51,26.81,28.22
45.0,26.86,26.19,27.53
50.0,26.10,25.37,26.83
55.0,26.64,25.91,27.37
60.0,26.31,25.60,27.01
65.0,25.91,25.22,26.59
70.0,25.59,24.90,26.29
75.0,25.57,24.87,26.26
80.0,25.31,24.64,25.99
85.0,24.57,23.91,25.23
90.0,25.25,24.55,25.95
95.0,24.84,24.13,25.55
100.0,24.34,23.67,25.01
105.0,24.07,23.47,24.68
110.0,24.00,23.31,24.68
115.0,23.72,23.12,24.32
120.0,23.83,23.20,24.45
125.0,24.18,23.52,24.84
130.0,23.01,22.38,23.63
135.0,23.27,22.65,23.90
140.0,22.94,22.32,23.57
145.0,23.32,22.71,23.93
150.0,22.93,22.27,23.58
155.0,23.27,22.64,23.91
160.0,22.51,21.91,23.10
165.0,22.60,22.02,23.19
170.0,22.01,21.40,22.63
175.0,22.41,21.77,23.04
180.0,22.04,21.42,22.65
185.0,21.70,21.13,22.26
190.0,21.68,21.11,22.24
195.0,21.66,21.10,22.22
200.0,21.82,21.26,22.39
205.0,21.63,21.04,22.21
210.0,21.05,20.49,21.60
215.0,21.39,20.87,21.91
220.0,21.00,20.47,21.53
225.0,20.81,20.22,21.39
230.0,20.80,20.25,21.35
235.0,21.12,20.56,21.68
240.0,21.07,20.48,21.66
245.0,20.64,20.07,21.20
250.0,20.91,20.36,21.45
255.0,20.27,19.72,20.83
260.0,20.53,19.97,21.08
265.0,20.08,19.52,20.63
270.0,20.28,19.73,20.83
275.0,20.41,19.83,20.98
280.0,20.23,19.67,20.79
285.0,20.05,19.52,20.57
290.0,19.94,19.42,20.45
295.0,20.13,19.58,20.67
300.0,20.18,19.62,20.74
305.0,19.79,19.21,20.36
310.0,20.12,19.56,20.68
315.0,19.79,19.27,20.32
320.0,20.12,19.57,20.66
325.0,19.41,18.87,19.95
330.0,19.57,19.03,20.11
335.0,19.54,19.01,20.06
340.0,19.35,18.86,19.83
345.0,19.18,18.69,19.68
350.0,19.21,18.69,19.72
355.0,19.41,18.93,19.89
360.0,19.45,18.91,19.98
365.0,18.97,18.48,19.46
370.0,19.39,18.88,19.91
375.0,19.19,18.71,19.68
380.0,19.08,18.57,19.59
385.0,19.15,18.63,19.67
390.0,19.12,18.64,19.60
395.0,18.96,18.44,19.48
400.0,18.96,18.45,19.47
405.0,19.04,18.55,19.53
410.0,18.27,17.83,18.71
415.0,18.60,18.10,19.09
420.0,18.86,18.38,19.34
425.0,18.82,18.35,19.29
430.0,18.67,18.17,19.16
435.0,19.10,18.62,19.59
440.0,18.73,18.25,19.21
445.0,18.65,18.15,19.14
450.0,18.59,18.08,19.10
455.0,18.43,17.92,18.95
460.0,18.12,17.66,18.58
465.0,18.34,17.83,18.84
470.0,18.73,18.23,19.23
475.0,18.52,18.05,18.99
480.0,18.48,18.00,18.96
485.0,18.24,17.73,18.75
490.0,18.58,18.08,19.08
495.0,18.25,17.81,18.70
500.0,18.97,18.45,19.50
505.0,18.57,18.11,19.04
510.0,18.07,17.61,18.54
515.0,18.56,18.06,19.07
520.0,18.01,17.52,18.50
525.0,18.24,17.75,18.72
530.0,18.18,17.72,18.63
535.0,18.25,17.77,18.72
540.0,18.33,17.87,18.79
545.0,18.04,17.58,18.49
550.0,18.00,17.54,18.46
555.0,18.52,18.02,19.03
560.0,18.27,17.81,18.74
565.0,18.13,17.65,18.62
570.0,17.96,17.53,18.40
575.0,18.11,17.64,18.57
580.0,17.97,17.50,18.44
585.0,18.02,17.55,18.48
590.0,18.02,17.54,18.49
595.0,18.08,17.58,18.59
600.0,18.15,17.70,18.61
605.0,17.88,17.42,18.35
610.0,18.16,17.68,18.64
615.0,18.08,17.61,18.56
620.0,17.95,17.51,18.39
625.0,18.04,17.55,18.53
630.0,17.92,17.46,18.38
635.0,18.17,17.73,18.61
640.0,18.00,17.52,18.47
645.0,18.03,17.53,18.52
650.0,17.97,17.55,18.39
655.0,17.77,17.30,18.24
660.0,18.37,17.84,18.90
665.0,17.94,17.48,18.41
670.0,18.08,17.63,18.52
675.0,18.06,17.59,18.53
680.0,17.75,17.28,18.22
685.0,17.95,17.49,18.40
690.0,17.95,17.52,18.39
695.0,18.03,17.59,18.48
700.0,17.84,17.39,18.29
705.0,18.11,17.68,18.54
710.0,17.94,17.51,18.38
715.0,18.19,17.70,18.69
720.0,17.96,17.53,18.39
725.0,17.93,17.45,18.40
730.0,18.47,17.94,18.99
735.0,17.98,17.51,18.45
740.0,18.03,17.53,18.53
745.0,18.48,18.00,18.97
750.0,17.99,17.56,18.42
755.0,17.99,17.56,18.42
760.0,17.88,17.41,18.35
765.0,18.15,17.72,18.59
770.0,18.01,17.53,18.48
775.0,17.83,17.39,18.26
780.0,17.98,17.54,18.42
785.0,18.06,17.60,18.53
790.0,18.04,17.60,18.48
795.0,18.05,17.57,18.53
800.0,17.62,17.11,18.12
805.0,17.82,17.37,18.26
810.0,17.85,17.36,18.34
815.0,17.75,17.28,18.22
820.0,17.76,17.33,18.20
825.0,18.25,17.74,18.76
830.0,18.03,17.56,18.50
835.0,17.74,17.27,18.22
840.0,17.25,16.84,17.66
845.0,18.28,17.84,18.72
850.0,18.09,17.63,18.55
855.0,18.06,17.61,18.50
860.0,17.98,17.53,18.42
865.0,17.66,17.18,18.14
870.0,18.29,17.83,18.75
875.0,18.24,17.77,18.72
880.0,17.86,17.41,18.31
885.0,17.84,17.41,18.27
890.0,17.59,17.16,18.01
895.0,18.30,17.78,18.82
900.0,18.08,17.61,18.55
905.0,17.81,17.38,18.25
910.0,17.87,17.43,18.32
915.0,17.87,17.45,18.29
920.0,17.87,17.42,18.32
925.0,18.06,17.60,18.51
930.0,18.00,17.53,18.47
935.0,18.05,17.59,18.52
940.0,17.68,17.24,18.12
945.0,18.17,17.74,18.61
950.0,17.90,17.44,18.35
955.0,17.89,17.44,18.34
960.0,18.03,17.56,18.50
965.0,18.26,17.80,18.72
970.0,18.23,17.77,18.69
975.0,18.19,17.74,18.64
980.0,18.01,17.57,18.46
985.0,18.06,17.63,18.49
990.0,18.20,17.77,18.64
995.0,18.44,18.00,18.87
1000.0,18.35,17.89,18.81
