trial,mean,ci_down,ci_up
0.0,34.89,34.43,35.35
5.0,31.94,31.51,32.37
10.0,30.53,30.10,30.96
15.0,29.76,29.31,30.22
20.0,29.36,28.85,29.86
25.0,28.41,27.92,28.89
30.0,28.19,27.67,28.72
35.0,27.41,26.88,27.93
40.0,27.17,26.65,27.70
45.0,27.27,26.73,27.82
50.0,26.49,25.95,27.02
55.0,26.88,26.33,27.43
60.0,26.39,25.84,26.94
65.0,26.20,25.70,26.69
70.0,25.97,25.43,26.51
75.0,25.57,25.07,26.07
80.0,26.04,25.50,26.58
85.0,25.24,24.74,25.75
90.0,25.16,24.65,25.67
95.0,24.59,24.07,25.10
100.0,24.81,24.28,25.34
105.0,24.54,24.04,25.05
110.0,24.60,24.10,25.10
115.0,24.42,23.90,24.94
120.0,24.23,23.72,24.73
125.0,24.37,23.86,24.88
130.0,23.76,23.29,24.22
135.0,23.55,23.09,24.00
140.0,23.40,22.92,23.88
145.0,23.48,23.02,23.95
150.0,23.29,22.82,23.75
155.0,22.69,22.22,23.16
160.0,22.71,22.25,23.18
165.0,22.61,22.16,23.07
170.0,22.76,22.29,23.22
175.0,22.02,21.54,22.50
180.0,22.02,21.58,22.47
185.0,21.78,21.34,22.22
190.0,22.04,21.59,22.49
195.0,21.59,21.15,22.02
200.0,21.75,21.33,22.18
205.0,21.48,21.04,21.93
210.0,21.34,20.88,21.80
215.0,21.04,20.62,21.46
220.0,21.06,20.63,21.49
225.0,21.44,21.04,21.83
230.0,21.01,20.59,21.43
235.0,20.95,20.54,21.36
240.0,21.08,20.65,21.51
245.0,20.95,20.53,21.37
250.0,20.39,20.01,20.77
255.0,20.78,20.36,21.21
260.0,20.71,20.29,21.13
265.0,20.19,19.79,20.59
270.0,20.84,20.42,21.27
275.0,20.29,19.89,20.70
280.0,20.64,20.21,21.06
285.0,20.18,19.77,20.60
290.0,20.34,19.94,20.73
295.0,20.15,19.76,20.53
300.0,20.39,19.96,20.82
305.0,20.16,19.74,20.59
310.0,20.16,19.76,20.57
315.0,19.89,19.50,20.28
320.0,19.93,19.55,20.32
325.0,19.55,19.14,19.96
330.0,19.77,19.37,20.16
335.0,19.76,19.37,20.16
340.0,19.42,19.02,19.81
345.0,19.60,19.19,20.01
350.0,19.69,19.29,20.09
355.0,19.25,18.88,19.62
360.0,19.20,18.80,19.61
365.0,19.41,19.01,19.81
370.0,19.04,18.67,19.40
375.0,19.34,18.94,19.74
380.0,19.06,18.70,19.43
385.0,19.14,18.75,19.52
390.0,19.45,19.04,19.87
395.0,18.97,18.60,19.34
400.0,18.98,18.59,19.36
405.0,19.19,18.80,19.58
410.0,19.24,18.86,19.63
415.0,18.79,18.40,19.17
420.0,19.04,18.67,19.41
425.0,18.62,18.24,19.00
430.0,19.05,18.65,19.46
435.0,18.97,18.58,19.36
440.0,18.88,18.48,19.29
445.0,19.04,18.64,19.44
450.0,18.98,18.59,19.38
455.0,18.57,18.19,18.96
460.0,18.94,18.57,19.31
465.0,19.09,18.72,19.45
470.0,18.81,18.44,19.17
475.0,18.95,18.56,19.34
480.0,18.96,18.55,19.38
485.0,19.21,18.82,19.59
490.0,19.02,18.61,19.43
495.0,18.55,18.17,18.92
500.0,18.53,18.14,18.91
505.0,18.42,18.01,18.83
510.0,18.86,18.46,19.27
515.0,18.82,18.44,19.19
520.0,18.14,17.80,18.49
525.0,18.69,18.29,19.09
530.0,18.26,17.91,18.62
535.0,18.58,18.21,18.95
540.0,18.65,18.29,19.02
545.0,18.25,17.88,18.62
550.0,18.54,18.15,18.92
555.0,18.59,18.22,18.96
560.0,18.40,18.01,18.80
565.0,18.16,17.81,18.51
570.0,18.19,17.80,18.58
575.0,18.19,17.84,18.54
580.0,18.26,17.88,18.64
585.0,18.27,17.89,18.64
590.0,18.08,17.70,18.45
595.0,18.00,17.64,18.35
600.0,18.15,17.80,18.50
605.0,18.45,18.07,18.83
610.0,18.49,18.10,18.87
615.0,17.82,17.48,18.16
620.0,18.26,17.88,18.64
625.0,18.15,17.77,18.53
630.0,18.22,17.83,18.61
635.0,18.14,17.78,18.51
640.0,18.01,17.67,18.34
645.0,18.16,17.78,18.55
650.0,18.61,18.24,18.98
655.0,18.12,17.76,18.48
660.0,18.30,17.93,18.67
665.0,17.98,17.63,18.32
670.0,18.12,17.76,18.48
675.0,17.58,17.24,17.92
680.0,18.31,17.94,18.68
685.0,17.94,17.59,18.29
690.0,17.81,17.47,18.15
695.0,18.26,17.89,18.64
700.0,18.43,18.06,18.80
705.0,18.07,17.71,18.44
710.0,18.37,18.01,18.73
715.0,18.10,17.73,18.48
720.0,17.96,17.61,18.30
725.0,17.79,17.44,18.14
730.0,17.72,17.37,18.06
735.0,18.28,17.93,18.64
740.0,18.17,17.79,18.54
745.0,18.04,17.69,18.39
750.0,17.83,17.46,18.20
755.0,17.88,17.52,18.23
760.0,18.19,17.81,18.58
765.0,17.87,17.51,18.22
770.0,17.61,17.25,17.98
775.0,18.11,17.74,18.48
780.0,17.80,17.46,18.15
785.0,17.81,17.46,18.16
790.0,17.97,17.61,18.33
795.0,17.90,17.55,18.26
800.0,17.82,17.47,18.17
805.0,17.81,17.44,18.17
810.0,17.91,17.55,18.27
815.0,18.00,17.66,18.33
820.0,17.98,17.61,18.35
825.0,17.75,17.42,18.08
830.0,17.83,17.47,18.19
835.0,18.01,17.65,18.36
840.0,18.03,17.68,18.39
845.0,17.83,17.48,18.18
850.0,17.98,17.62,18.33
855.0,17.87,17.53,18.21
860.0,17.97,17.60,18.35
865.0,17.97,17.61,18.33
870.0,17.92,17.57,18.26
875.0,17.97,17.62,18.32
880.0,17.94,17.60,18.28
885.0,17.99,17.64,18.33
890.0,17.90,17.55,18.25
895.0,17.97,17.62,18.31
900.0,17.91,17.58,18.23
905.0,18.03,17.66,18.39
910.0,18.13,17.78,18.49
915.0,18.10,17.72,18.47
920.0,17.85,17.51,18.18
925.0,17.53,17.19,17.87
930.0,17.94,17.60,18.28
935.0,18.14,17.79,18.48
940.0,17.66,17.33,18.00
945.0,17.84,17.48,18.20
950.0,17.80,17.45,18.14
955.0,17.61,17.26,17.96
960.0,18.40,18.07,18.74
965.0,17.94,17.59,18.30
970.0,17.92,17.59,18.25
975.0,18.29,17.96,18.61
980.0,18.10,17.75,18.45
985.0,18.00,17.67,18.34
990.0,18.46,18.12,18.81
995.0,17.89,17.55,18.23
1000.0,18.08,17.72,18.44
