trial,mean,ci_down,ci_up
0.0,0.00,nan,nan
5.0,146.00,nan,nan
10.0,309.67,nan,nan
15.0,365.00,nan,nan
20.0,438.00,nan,nan
25.0,473.67,nan,nan
30.0,528.33,nan,nan
35.0,600.33,nan,nan
40.0,639.67,nan,nan
45.0,724.33,nan,nan
50.0,795.00,nan,nan
55.0,862.33,nan,nan
60.0,875.33,nan,nan
65.0,906.67,nan,nan
70.0,942.67,nan,nan
75.0,972.00,nan,nan
80.0,998.33,nan,nan
85.0,1084.00,nan,nan
90.0,1126.67,nan,nan
95.0,1169.67,nan,nan
100.0,1202.67,nan,nan
105.0,1253.33,nan,nan
110.0,1307.67,nan,nan
115.0,1373.67,nan,nan
120.0,1424.33,nan,nan
125.0,1470.67,nan,nan
130.0,1525.00,nan,nan
135.0,1559.00,nan,nan
140.0,1612.00,nan,nan
145.0,1688.00,nan,nan
150.0,1747.67,nan,nan
155.0,1820.33,nan,nan
160.0,1862.33,nan,nan
165.0,1908.00,nan,nan
170.0,1937.33,nan,nan
175.0,1967.33,nan,nan
180.0,2021.00,nan,nan
185.0,2037.00,nan,nan
190.0,2081.33,nan,nan
195.0,2115.33,nan,nan
200.0,2149.67,nan,nan
205.0,2183.33,nan,nan
210.0,2223.00,nan,nan
215.0,2263.67,nan,nan
220.0,2309.33,nan,nan
225.0,2360.67,nan,nan
230.0,2406.67,nan,nan
235.0,2498.00,nan,nan
240.0,2507.67,nan,nan
245.0,2525.00,nan,nan
250.0,2546.67,nan,nan
255.0,2661.33,nan,nan
260.0,2681.67,nan,nan
265.0,2713.33,nan,nan
270.0,2772.33,nan,nan
275.0,2803.33,nan,nan
280.0,2844.00,nan,nan
285.0,2895.00,nan,nan
290.0,2919.00,nan,nan
295.0,2944.67,nan,nan
300.0,2967.33,nan,nan
305.0,2991.67,nan,nan
310.0,3070.00,nan,nan
315.0,3093.67,nan,nan
320.0,3138.00,nan,nan
325.0,3170.67,nan,nan
330.0,3200.00,nan,nan
335.0,3240.00,nan,nan
340.0,3254.00,nan,nan
345.0,3360.00,nan,nan
350.0,3382.67,nan,nan
355.0,3398.67,nan,nan
360.0,3422.67,nan,nan
365.0,3456.00,nan,nan
370.0,3471.00,nan,nan
375.0,3489.00,nan,nan
380.0,3497.67,nan,nan
385.0,3535.67,nan,nan
390.0,3550.67,nan,nan
395.0,3563.00,nan,nan
400.0,3610.00,nan,nan
405.0,3626.33,nan,nan
410.0,3645.33,nan,nan
415.0,3668.00,nan,nan
420.0,3695.67,nan,nan
425.0,3716.33,nan,nan
430.0,3748.00,nan,nan
435.0,3773.33,nan,nan
440.0,3817.33,nan,nan
445.0,3836.00,nan,nan
450.0,3846.00,nan,nan
455.0,3904.67,nan,nan
460.0,3922.33,nan,nan
465.0,3978.67,nan,nan
470.0,4001.00,nan,nan
475.0,4045.33,nan,nan
480.0,4079.33,nan,nan
485.0,4101.33,nan,nan
490.0,4166.00,nan,nan
495.0,4201.67,nan,nan
500.0,4237.00,nan,nan
505.0,4265.33,nan,nan
510.0,4284.00,nan,nan
515.0,4326.00,nan,nan
520.0,4349.33,nan,nan
525.0,4391.00,nan,nan
530.0,4478.00,nan,nan
535.0,4574.67,nan,nan
540.0,4604.00,nan,nan
545.0,4636.67,nan,nan
550.0,4649.67,nan,nan
555.0,4706.67,nan,nan
560.0,4720.67,nan,nan
565.0,4727.67,nan,nan
570.0,4759.67,nan,nan
575.0,4784.00,nan,nan
580.0,4798.33,nan,nan
585.0,4811.67,nan,nan
590.0,4845.67,nan,nan
595.0,4900.33,nan,nan
600.0,4968.67,nan,nan
605.0,4997.67,nan,nan
610.0,5032.00,nan,nan
615.0,5037.67,nan,nan
620.0,5059.67,nan,nan
625.0,5090.00,nan,nan
630.0,5115.33,nan,nan
635.0,5148.67,nan,nan
640.0,5172.67,nan,nan
645.0,5210.00,nan,nan
650.0,5217.33,nan,nan
655.0,5261.67,nan,nan
660.0,5285.00,nan,nan
665.0,5295.33,nan,nan
670.0,5335.00,nan,nan
675.0,5353.00,nan,nan
680.0,5372.00,nan,nan
685.0,5434.00,nan,nan
690.0,5455.67,nan,nan
695.0,5487.33,nan,nan
700.0,5523.00,nan,nan
705.0,5548.33,nan,nan
710.0,5561.67,nan,nan
715.0,5590.00,nan,nan
720.0,5607.00,nan,nan
725.0,5630.33,nan,nan
730.0,5654.33,nan,nan
735.0,5705.00,nan,nan
740.0,5765.00,nan,nan
745.0,5796.67,nan,nan
750.0,5801.33,nan,nan
755.0,5824.33,nan,nan
760.0,5902.00,nan,nan
765.0,5943.67,nan,nan
770.0,5958.00,nan,nan
775.0,6013.00,nan,nan
780.0,6028.33,nan,nan
785.0,6045.33,nan,nan
790.0,6058.00,nan,nan
795.0,6087.67,nan,nan
800.0,6094.67,nan,nan
805.0,6112.00,nan,nan
810.0,6123.67,nan,nan
815.0,6144.33,nan,nan
820.0,6148.33,nan,nan
825.0,6178.67,nan,nan
830.0,6188.33,nan,nan
835.0,6235.00,nan,nan
840.0,6252.33,nan,nan
845.0,6317.67,nan,nan
850.0,6320.67,nan,nan
855.0,6332.67,nan,nan
860.0,6342.67,nan,nan
865.0,6368.67,nan,nan
870.0,6401.33,nan,nan
875.0,6419.00,nan,nan
880.0,6431.33,nan,nan
885.0,6436.67,nan,nan
890.0,6443.33,nan,nan
895.0,6490.33,nan,nan
900.0,6509.67,nan,nan
905.0,6519.67,nan,nan
910.0,6556.67,nan,nan
915.0,6571.33,nan,nan
920.0,6597.33,nan,nan
925.0,6613.67,nan,nan
930.0,6637.00,nan,nan
935.0,6646.67,nan,nan
940.0,6691.00,nan,nan
945.0,6778.33,nan,nan
950.0,6791.00,nan,nan
955.0,6816.00,nan,nan
960.0,6831.00,nan,nan
965.0,6845.33,nan,nan
970.0,6866.00,nan,nan
975.0,6887.00,nan,nan
980.0,6896.33,nan,nan
985.0,6913.00,nan,nan
990.0,6954.33,nan,nan
995.0,6967.00,nan,nan
1000.0,6976.00,nan,nan
