trial,mean,ci_down,ci_up
0.0,34.78,34.48,35.09
5.0,33.28,32.97,33.60
10.0,32.57,32.28,32.85
15.0,32.30,32.01,32.59
20.0,31.77,31.48,32.06
25.0,30.96,30.68,31.25
30.0,30.86,30.57,31.15
35.0,30.23,29.95,30.51
40.0,29.88,29.62,30.15
45.0,29.50,29.21,29.78
50.0,29.40,29.11,29.69
55.0,28.63,28.36,28.89
60.0,28.29,28.01,28.57
65.0,28.42,28.15,28.68
70.0,28.23,27.95,28.50
75.0,27.86,27.57,28.15
80.0,27.08,26.81,27.34
85.0,26.94,26.67,27.21
90.0,26.88,26.62,27.15
95.0,26.78,26.50,27.05
100.0,26.27,26.00,26.54
105.0,26.32,26.06,26.59
110.0,25.95,25.70,26.21
115.0,25.58,25.31,25.84
120.0,25.47,25.21,25.74
125.0,25.72,25.46,25.99
130.0,25.41,25.14,25.68
135.0,24.90,24.64,25.16
140.0,24.87,24.61,25.14
145.0,24.95,24.69,25.22
150.0,24.62,24.36,24.88
155.0,24.29,24.02,24.55
160.0,24.34,24.08,24.59
165.0,24.08,23.83,24.34
170.0,24.31,24.05,24.58
175.0,24.18,23.93,24.44
180.0,24.02,23.75,24.28
185.0,23.82,23.56,24.08
190.0,23.73,23.48,23.97
195.0,23.72,23.47,23.98
200.0,23.39,23.14,23.63
205.0,23.25,23.00,23.50
210.0,22.98,22.72,23.23
215.0,23.38,23.12,23.64
220.0,23.13,22.89,23.38
225.0,23.13,22.88,23.38
230.0,22.75,22.50,23.00
235.0,22.71,22.47,22.95
240.0,22.64,22.39,22.88
245.0,22.72,22.47,22.97
250.0,22.39,22.13,22.65
255.0,22.54,22.30,22.78
260.0,22.61,22.36,22.85
265.0,22.29,22.04,22.54
270.0,22.28,22.05,22.52
275.0,22.17,21.93,22.41
280.0,22.07,21.84,22.30
285.0,22.16,21.91,22.41
290.0,22.12,21.87,22.37
295.0,22.03,21.78,22.28
300.0,22.19,21.94,22.44
305.0,21.94,21.69,22.19
310.0,21.99,21.76,22.23
315.0,21.94,21.69,22.18
320.0,21.71,21.48,21.95
325.0,21.85,21.61,22.09
330.0,21.67,21.42,21.92
335.0,21.79,21.55,22.02
340.0,21.51,21.26,21.75
345.0,21.75,21.51,22.00
350.0,21.72,21.47,21.97
355.0,21.67,21.44,21.91
360.0,21.56,21.33,21.79
365.0,21.62,21.38,21.86
370.0,21.73,21.49,21.97
375.0,21.37,21.13,21.62
380.0,21.57,21.33,21.82
385.0,21.29,21.05,21.53
390.0,21.61,21.36,21.86
395.0,21.38,21.14,21.62
400.0,21.32,21.09,21.55
405.0,21.49,21.24,21.73
410.0,21.30,21.06,21.54
415.0,21.21,20.98,21.45
420.0,21.33,21.09,21.57
425.0,21.33,21.09,21.56
430.0,21.28,21.03,21.52
435.0,21.48,21.23,21.73
440.0,20.97,20.74,21.21
445.0,20.94,20.70,21.18
450.0,20.95,20.72,21.18
455.0,21.20,20.96,21.44
460.0,21.11,20.87,21.34
465.0,21.10,20.85,21.35
470.0,21.22,20.97,21.47
475.0,21.09,20.85,21.34
480.0,20.71,20.47,20.94
485.0,21.29,21.05,21.52
490.0,20.92,20.68,21.15
495.0,21.02,20.79,21.26
500.0,20.95,20.70,21.20
505.0,20.92,20.67,21.16
510.0,20.85,20.61,21.08
515.0,20.96,20.73,21.19
520.0,20.97,20.73,21.21
525.0,20.70,20.46,20.94
530.0,20.79,20.54,21.03
535.0,20.85,20.62,21.09
540.0,20.78,20.54,21.01
545.0,20.58,20.34,20.81
550.0,20.54,20.30,20.78
555.0,20.59,20.35,20.84
560.0,20.60,20.36,20.83
565.0,20.64,20.40,20.87
570.0,20.57,20.33,20.81
575.0,20.75,20.50,20.99
580.0,20.52,20.29,20.75
585.0,20.50,20.26,20.73
590.0,20.39,20.15,20.63
595.0,20.70,20.45,20.94
600.0,20.47,20.23,20.70
605.0,20.40,20.17,20.63
610.0,20.45,20.21,20.68
615.0,20.47,20.24,20.70
620.0,20.37,20.14,20.59
625.0,20.40,20.17,20.63
630.0,20.39,20.16,20.63
635.0,20.35,20.11,20.59
640.0,20.32,20.09,20.55
645.0,20.37,20.14,20.61
650.0,20.05,19.82,20.28
655.0,20.52,20.27,20.77
660.0,20.31,20.07,20.55
665.0,20.23,20.00,20.47
670.0,20.54,20.31,20.76
675.0,20.23,20.00,20.46
680.0,20.20,19.98,20.42
685.0,20.44,20.21,20.67
690.0,20.29,20.05,20.52
695.0,20.19,19.96,20.42
700.0,20.07,19.84,20.30
705.0,20.34,20.11,20.58
710.0,20.22,19.98,20.46
715.0,20.15,19.92,20.38
720.0,20.16,19.93,20.38
725.0,20.19,19.96,20.42
730.0,20.07,19.83,20.30
735.0,20.08,19.85,20.31
740.0,19.80,19.58,20.02
745.0,20.09,19.86,20.32
750.0,19.73,19.51,19.96
755.0,19.94,19.70,20.17
760.0,19.90,19.68,20.12
765.0,19.81,19.58,20.03
770.0,19.89,19.68,20.11
775.0,19.74,19.53,19.96
780.0,19.71,19.49,19.93
785.0,19.78,19.55,20.00
790.0,19.99,19.76,20.23
795.0,19.71,19.49,19.93
800.0,20.18,19.95,20.42
805.0,19.71,19.49,19.94
810.0,19.87,19.64,20.10
815.0,19.48,19.26,19.71
820.0,19.72,19.50,19.94
825.0,19.82,19.60,20.04
830.0,19.68,19.46,19.91
835.0,19.65,19.42,19.88
840.0,19.57,19.35,19.79
845.0,19.38,19.16,19.59
850.0,19.58,19.34,19.81
855.0,19.55,19.33,19.77
860.0,19.50,19.28,19.73
865.0,19.71,19.48,19.94
870.0,19.68,19.45,19.91
875.0,19.51,19.29,19.73
880.0,19.38,19.16,19.60
885.0,19.52,19.30,19.75
890.0,19.62,19.40,19.85
895.0,19.41,19.19,19.63
900.0,19.25,19.03,19.48
905.0,19.51,19.30,19.72
910.0,19.08,18.87,19.29
915.0,19.60,19.38,19.83
920.0,19.31,19.08,19.53
925.0,19.56,19.33,19.78
930.0,19.40,19.18,19.63
935.0,19.52,19.31,19.74
940.0,19.51,19.30,19.73
945.0,19.30,19.08,19.53
950.0,19.56,19.32,19.79
955.0,19.19,18.97,19.40
960.0,19.24,19.03,19.46
965.0,19.21,18.99,19.42
970.0,19.28,19.06,19.49
975.0,19.21,18.98,19.44
980.0,19.12,18.91,19.33
985.0,19.26,19.04,19.49
990.0,19.31,19.09,19.52
995.0,19.15,18.93,19.37
1000.0,19.08,18.86,19.30
