trial,mean,ci_down,ci_up
0.0,0.00,0.00,0.00
5.0,330.13,322.42,337.85
10.0,650.84,640.55,661.14
15.0,971.12,958.19,984.05
20.0,1270.33,1255.58,1285.08
25.0,1565.35,1549.15,1581.55
30.0,1855.99,1838.22,1873.75
35.0,2140.62,2121.30,2159.94
40.0,2421.57,2401.16,2441.99
45.0,2697.08,2675.79,2718.38
50.0,2964.66,2942.84,2986.47
55.0,3228.45,3205.97,3250.93
60.0,3495.61,3471.96,3519.26
65.0,3750.98,3726.64,3775.32
70.0,4013.40,3988.21,4038.59
75.0,4266.70,4240.60,4292.80
80.0,4511.88,4485.16,4538.60
85.0,4756.26,4729.03,4783.50
90.0,5006.05,4978.18,5033.92
95.0,5255.47,5226.93,5284.01
100.0,5492.91,5463.94,5521.89
105.0,5731.89,5702.50,5761.28
110.0,5964.41,5934.11,5994.70
115.0,6191.52,6160.71,6222.33
120.0,6421.43,6390.24,6452.62
125.0,6650.55,6618.51,6682.59
130.0,6875.70,6843.07,6908.32
135.0,7103.46,7070.55,7136.37
140.0,7326.59,7293.33,7359.86
145.0,7546.26,7512.64,7579.87
150.0,7763.56,7729.57,7797.55
155.0,7978.63,7944.22,8013.04
160.0,8187.95,8153.15,8222.74
165.0,8397.20,8362.16,8432.24
170.0,8607.15,8572.05,8642.24
175.0,8812.18,8776.55,8847.80
180.0,9022.05,8986.22,9057.87
185.0,9228.01,9191.83,9264.18
190.0,9431.10,9394.36,9467.84
195.0,9636.79,9599.79,9673.78
200.0,9832.52,9795.42,9869.62
205.0,10030.38,9992.81,10067.95
210.0,10223.36,10185.49,10261.23
215.0,10418.33,10380.05,10456.60
220.0,10609.89,10571.24,10648.54
225.0,10800.90,10762.12,10839.68
230.0,10985.90,10946.74,11025.07
235.0,11173.98,11134.43,11213.54
240.0,11357.33,11317.57,11397.08
245.0,11543.11,11503.11,11583.11
250.0,11721.63,11681.36,11761.90
255.0,11904.23,11863.74,11944.71
260.0,12083.44,12042.63,12124.26
265.0,12262.82,12222.04,12303.60
270.0,12441.40,12400.13,12482.67
275.0,12618.17,12576.84,12659.50
280.0,12793.28,12751.65,12834.90
285.0,12965.82,12923.95,13007.69
290.0,13137.59,13095.59,13179.59
295.0,13306.47,13264.36,13348.58
300.0,13477.50,13435.21,13519.79
305.0,13644.85,13602.58,13687.11
310.0,13811.87,13769.61,13854.14
315.0,13975.17,13932.77,14017.56
320.0,14142.87,14100.49,14185.25
325.0,14309.85,14267.34,14352.37
330.0,14468.93,14426.09,14511.77
335.0,14630.37,14587.49,14673.25
340.0,14793.74,14750.63,14836.86
345.0,14952.01,14908.85,14995.17
350.0,15111.70,15068.37,15155.04
355.0,15269.01,15225.49,15312.53
360.0,15427.67,15383.79,15471.56
365.0,15582.32,15538.30,15626.34
370.0,15743.00,15698.64,15787.35
375.0,15898.07,15853.62,15942.53
380.0,16052.71,16008.08,16097.34
385.0,16203.67,16158.85,16248.48
390.0,16356.61,16311.66,16401.56
395.0,16511.76,16466.74,16556.78
400.0,16661.75,16616.61,16706.89
405.0,16811.91,16766.57,16857.25
410.0,16958.88,16913.48,17004.27
415.0,17106.62,17061.23,17152.02
420.0,17255.00,17209.60,17300.41
425.0,17400.90,17355.31,17446.49
430.0,17548.78,17502.95,17594.61
435.0,17696.51,17650.37,17742.64
440.0,17843.28,17797.02,17889.53
445.0,17988.21,17941.78,18034.65
450.0,18131.15,18084.50,18177.81
455.0,18276.91,18229.94,18323.89
460.0,18418.88,18371.81,18465.96
465.0,18563.32,18516.14,18610.50
470.0,18704.78,18657.53,18752.02
475.0,18846.67,18799.24,18894.09
480.0,18988.99,18941.13,19036.86
485.0,19128.97,19081.00,19176.94
490.0,19267.61,19219.37,19315.85
495.0,19409.92,19361.45,19458.38
500.0,19550.71,19502.01,19599.40
505.0,19688.15,19639.13,19737.17
510.0,19828.35,19778.91,19877.79
515.0,19969.02,19919.46,20018.59
520.0,20108.12,20058.31,20157.93
525.0,20245.79,20195.98,20295.59
530.0,20381.85,20331.84,20431.85
535.0,20518.01,20467.73,20568.29
540.0,20653.86,20603.31,20704.42
545.0,20789.56,20738.77,20840.35
550.0,20927.55,20876.46,20978.65
555.0,21064.21,21012.77,21115.65
560.0,21198.86,21147.24,21250.48
565.0,21331.80,21280.16,21383.44
570.0,21467.88,21416.14,21519.62
575.0,21598.21,21546.18,21650.24
580.0,21734.46,21682.43,21786.49
585.0,21867.60,21815.38,21919.83
590.0,21996.45,21944.29,22048.61
595.0,22133.53,22081.04,22186.03
600.0,22265.22,22212.51,22317.94
605.0,22400.40,22347.45,22453.35
610.0,22530.48,22477.44,22583.52
615.0,22663.70,22610.71,22716.69
620.0,22794.76,22741.64,22847.89
625.0,22922.54,22869.33,22975.76
630.0,23055.79,23002.45,23109.14
635.0,23185.81,23132.55,23239.07
640.0,23316.85,23263.36,23370.33
645.0,23447.38,23393.78,23500.98
650.0,23577.40,23523.64,23631.15
655.0,23708.20,23654.18,23762.22
660.0,23837.45,23783.31,23891.59
665.0,23962.64,23908.33,24016.95
670.0,24091.55,24037.17,24145.92
675.0,24219.62,24165.15,24274.08
680.0,24344.07,24289.27,24398.86
685.0,24472.62,24417.46,24527.77
690.0,24602.62,24547.22,24658.02
695.0,24731.69,24676.14,24787.24
700.0,24858.46,24802.70,24914.22
705.0,24984.31,24928.48,25040.14
710.0,25111.50,25055.72,25167.27
715.0,25237.05,25181.08,25293.03
720.0,25364.71,25308.64,25420.78
725.0,25488.55,25432.39,25544.72
730.0,25613.91,25557.59,25670.23
735.0,25737.14,25680.82,25793.45
740.0,25860.69,25804.30,25917.08
745.0,25988.04,25931.46,26044.62
750.0,26115.17,26058.44,26171.91
755.0,26242.23,26185.36,26299.10
760.0,26367.13,26310.12,26424.15
765.0,26493.40,26436.24,26550.56
770.0,26616.37,26559.03,26673.70
775.0,26743.34,26685.88,26800.80
780.0,26868.34,26810.69,26926.00
785.0,26996.21,26938.24,27054.18
790.0,27119.28,27061.11,27177.44
795.0,27241.81,27183.28,27300.34
800.0,27366.50,27307.69,27425.31
805.0,27491.17,27432.16,27550.17
810.0,27616.69,27557.62,27675.76
815.0,27742.84,27683.43,27802.24
820.0,27868.44,27808.96,27927.91
825.0,27993.28,27933.63,28052.93
830.0,28117.27,28057.59,28176.95
835.0,28239.25,28179.32,28299.18
840.0,28362.92,28302.88,28422.97
845.0,28486.40,28426.13,28546.67
850.0,28612.21,28551.66,28672.76
855.0,28736.15,28675.48,28796.83
860.0,28861.60,28800.74,28922.47
865.0,28985.98,28924.91,29047.04
870.0,29108.13,29047.03,29169.23
875.0,29232.47,29171.14,29293.80
880.0,29354.63,29292.97,29416.29
885.0,29477.54,29415.64,29539.44
890.0,29600.74,29538.71,29662.77
895.0,29720.15,29657.97,29782.32
900.0,29842.10,29779.63,29904.57
905.0,29961.36,29898.69,30024.03
910.0,30079.59,30016.77,30142.41
915.0,30200.80,30137.84,30263.76
920.0,30322.64,30259.58,30385.70
925.0,30444.42,30381.12,30507.72
930.0,30561.06,30497.37,30624.75
935.0,30682.77,30618.80,30746.73
940.0,30803.73,30739.65,30867.82
945.0,30925.57,30861.35,30989.79
950.0,31044.05,30979.74,31108.35
955.0,31162.55,31098.08,31227.02
960.0,31281.97,31217.24,31346.70
965.0,31403.38,31338.40,31468.36
970.0,31524.82,31459.55,31590.10
975.0,31644.46,31578.98,31709.95
980.0,31764.01,31698.31,31829.71
985.0,31883.56,31817.75,31949.37
990.0,32004.54,31938.69,32070.39
995.0,32123.35,32057.37,32189.32
1000.0,32244.17,32178.05,32310.29
