trial,mean,ci_down,ci_up
0.0,101.53,100.28,102.78
5.0,96.57,95.18,97.97
10.0,93.77,92.02,95.52
15.0,93.68,91.60,95.76
20.0,94.44,92.15,96.73
25.0,93.51,91.26,95.75
30.0,93.17,90.90,95.45
35.0,94.61,92.09,97.14
40.0,94.00,91.44,96.56
45.0,94.21,91.66,96.76
50.0,93.13,90.70,95.56
55.0,92.72,90.25,95.19
60.0,92.49,89.89,95.08
65.0,91.67,89.30,94.05
70.0,91.54,89.12,93.97
75.0,91.52,89.03,94.01
80.0,90.65,88.14,93.16
85.0,89.64,87.23,92.05
90.0,89.33,87.06,91.61
95.0,89.26,86.97,91.55
100.0,88.91,86.57,91.26
105.0,88.63,86.19,91.07
110.0,88.36,86.08,90.65
115.0,88.18,85.79,90.57
120.0,87.46,85.03,89.89
125.0,87.01,84.58,89.44
130.0,87.66,85.48,89.84
135.0,85.81,83.48,88.15
140.0,86.30,83.99,88.60
145.0,86.02,83.76,88.27
150.0,84.68,82.41,86.95
155.0,84.21,82.07,86.35
160.0,84.39,82.09,86.68
165.0,84.33,82.03,86.62
170.0,83.83,81.55,86.11
175.0,84.35,82.18,86.53
180.0,83.39,81.20,85.57
185.0,83.01,80.81,85.22
190.0,82.74,80.53,84.96
195.0,82.12,80.00,84.23
200.0,81.87,79.71,84.03
205.0,81.17,79.12,83.22
210.0,80.35,78.32,82.38
215.0,80.74,78.59,82.90
220.0,80.02,78.06,81.98
225.0,79.14,77.22,81.07
230.0,79.86,77.79,81.94
235.0,79.63,77.45,81.82
240.0,79.27,77.17,81.37
245.0,79.21,77.27,81.16
250.0,78.73,76.79,80.66
255.0,77.54,75.74,79.35
260.0,78.73,76.79,80.67
265.0,78.66,76.64,80.67
270.0,77.82,75.94,79.70
275.0,76.90,75.03,78.78
280.0,77.30,75.30,79.31
285.0,76.62,74.75,78.49
290.0,76.09,74.21,77.97
295.0,76.43,74.53,78.33
300.0,75.90,74.08,77.72
305.0,75.02,73.38,76.67
310.0,75.44,73.52,77.35
315.0,75.26,73.42,77.10
320.0,76.10,74.30,77.90
325.0,74.60,72.74,76.46
330.0,75.25,73.52,76.98
335.0,74.78,72.95,76.61
340.0,74.19,72.33,76.06
345.0,74.00,72.15,75.84
350.0,74.46,72.61,76.30
355.0,73.99,72.20,75.79
360.0,73.87,72.05,75.69
365.0,73.70,71.85,75.56
370.0,73.42,71.56,75.28
375.0,73.71,71.93,75.49
380.0,73.69,71.76,75.62
385.0,72.93,71.09,74.78
390.0,72.96,70.98,74.94
395.0,72.93,71.08,74.78
400.0,72.81,71.00,74.62
405.0,72.18,70.30,74.05
410.0,71.50,69.75,73.25
415.0,72.62,70.80,74.43
420.0,71.68,69.94,73.41
425.0,71.39,69.67,73.12
430.0,72.20,70.47,73.92
435.0,71.50,69.69,73.30
440.0,71.85,70.10,73.60
445.0,71.72,70.03,73.42
450.0,72.39,70.59,74.18
455.0,71.59,69.99,73.19
460.0,70.84,69.25,72.44
465.0,71.27,69.52,73.01
470.0,71.89,70.10,73.69
475.0,70.42,68.79,72.05
480.0,70.36,68.73,71.98
485.0,71.67,69.89,73.46
490.0,70.30,68.69,71.91
495.0,70.27,68.59,71.96
500.0,70.16,68.66,71.67
505.0,70.18,68.66,71.70
510.0,69.57,68.11,71.03
515.0,70.53,68.97,72.10
520.0,69.25,67.79,70.70
525.0,69.15,67.58,70.73
530.0,69.36,67.83,70.89
535.0,70.18,68.56,71.81
540.0,69.76,68.23,71.30
545.0,69.05,67.56,70.54
550.0,69.19,67.65,70.73
555.0,69.63,68.13,71.12
560.0,69.62,68.05,71.18
565.0,69.31,67.79,70.83
570.0,69.37,67.87,70.87
575.0,68.81,67.35,70.28
580.0,68.72,67.21,70.22
585.0,68.97,67.43,70.50
590.0,68.85,67.31,70.39
595.0,68.68,67.21,70.15
600.0,68.92,67.46,70.38
605.0,68.45,66.95,69.96
610.0,68.37,66.83,69.91
615.0,68.77,67.27,70.26
620.0,68.26,66.82,69.70
625.0,68.43,66.97,69.89
630.0,68.53,67.04,70.03
635.0,69.07,67.60,70.55
640.0,68.21,66.75,69.68
645.0,68.01,66.52,69.50
650.0,68.13,66.76,69.51
655.0,68.32,66.93,69.71
660.0,68.16,66.61,69.71
665.0,68.28,66.77,69.78
670.0,68.19,66.78,69.60
675.0,68.28,66.82,69.73
680.0,67.30,65.82,68.78
685.0,68.25,66.72,69.77
690.0,67.79,66.37,69.21
695.0,68.52,67.03,70.01
700.0,67.37,65.86,68.88
705.0,67.18,65.76,68.60
710.0,67.83,66.32,69.33
715.0,67.11,65.70,68.52
720.0,67.58,66.14,69.03
725.0,67.10,65.62,68.58
730.0,67.00,65.49,68.52
735.0,67.08,65.58,68.59
740.0,67.40,65.94,68.87
745.0,66.77,65.31,68.22
750.0,67.39,66.02,68.77
755.0,67.25,65.76,68.75
760.0,67.22,65.60,68.84
765.0,67.06,65.71,68.41
770.0,67.17,65.77,68.57
775.0,66.82,65.31,68.34
780.0,67.08,65.64,68.53
785.0,66.63,65.21,68.04
790.0,66.84,65.41,68.27
795.0,66.82,65.35,68.29
800.0,67.27,65.81,68.72
805.0,66.99,65.51,68.48
810.0,66.55,65.15,67.95
815.0,66.24,64.81,67.68
820.0,66.29,64.88,67.71
825.0,66.60,65.10,68.10
830.0,66.82,65.35,68.29
835.0,66.63,65.09,68.18
840.0,66.12,64.69,67.55
845.0,65.91,64.43,67.39
850.0,66.88,65.37,68.39
855.0,66.38,64.91,67.85
860.0,67.18,65.68,68.68
865.0,65.76,64.36,67.16
870.0,66.06,64.66,67.47
875.0,66.67,65.07,68.27
880.0,66.00,64.48,67.51
885.0,66.69,65.15,68.22
890.0,66.44,64.89,67.98
895.0,66.16,64.70,67.61
900.0,65.66,64.21,67.11
905.0,66.37,64.87,67.86
910.0,65.57,64.15,66.99
915.0,66.00,64.45,67.55
920.0,66.10,64.63,67.56
925.0,65.61,64.22,66.99
930.0,66.06,64.49,67.62
935.0,65.47,64.08,66.87
940.0,65.94,64.47,67.40
945.0,65.93,64.43,67.43
950.0,65.66,64.23,67.09
955.0,65.90,64.41,67.40
960.0,65.44,63.97,66.91
965.0,65.72,64.26,67.19
970.0,65.18,63.77,66.60
975.0,65.52,64.03,67.00
980.0,65.08,63.57,66.59
985.0,65.33,63.82,66.84
990.0,64.94,63.47,66.41
995.0,64.95,63.53,66.37
1000.0,65.24,63.82,66.66
