trial,mean,ci_down,ci_up
0.0,0.00,0.00,0.00
5.0,270.66,257.86,283.45
10.0,461.51,446.53,476.48
15.0,612.71,596.79,628.64
20.0,741.13,724.02,758.24
25.0,857.25,838.89,875.61
30.0,963.49,942.94,984.05
35.0,1064.89,1042.64,1087.14
40.0,1160.17,1136.91,1183.42
45.0,1255.30,1231.43,1279.17
50.0,1344.62,1319.57,1369.67
55.0,1432.34,1406.20,1458.48
60.0,1519.14,1491.44,1546.84
65.0,1605.05,1575.83,1634.27
70.0,1686.71,1656.16,1717.26
75.0,1768.34,1736.76,1799.92
80.0,1845.35,1812.92,1877.77
85.0,1922.83,1890.00,1955.67
90.0,2000.48,1966.71,2034.24
95.0,2076.37,2041.54,2111.21
100.0,2153.61,2117.85,2189.38
105.0,2225.65,2189.39,2261.91
110.0,2294.67,2257.47,2331.88
115.0,2363.81,2326.32,2401.30
120.0,2434.50,2396.18,2472.81
125.0,2502.85,2463.91,2541.79
130.0,2570.85,2531.71,2610.00
135.0,2639.14,2599.17,2679.10
140.0,2706.27,2665.97,2746.57
145.0,2773.31,2732.20,2814.41
150.0,2837.14,2795.45,2878.82
155.0,2903.94,2861.87,2946.00
160.0,2969.17,2926.57,3011.77
165.0,3029.67,2986.40,3072.94
170.0,3093.55,3050.08,3137.01
175.0,3157.18,3112.99,3201.37
180.0,3220.47,3175.47,3265.48
185.0,3280.16,3234.90,3325.42
190.0,3344.14,3298.69,3389.60
195.0,3403.65,3357.36,3449.95
200.0,3463.74,3416.91,3510.57
205.0,3521.82,3474.80,3568.83
210.0,3579.88,3532.34,3627.42
215.0,3638.73,3590.76,3686.71
220.0,3696.38,3647.67,3745.09
225.0,3751.93,3703.14,3800.73
230.0,3807.94,3758.85,3857.03
235.0,3863.08,3813.49,3912.68
240.0,3920.68,3870.45,3970.91
245.0,3974.33,3923.49,4025.18
250.0,4026.96,3976.18,4077.75
255.0,4080.55,4029.87,4131.24
260.0,4134.07,4083.20,4184.93
265.0,4188.42,4137.49,4239.34
270.0,4238.56,4187.46,4289.67
275.0,4292.13,4240.92,4343.34
280.0,4344.19,4292.52,4395.85
285.0,4397.57,4345.56,4449.58
290.0,4450.12,4397.98,4502.27
295.0,4503.71,4451.48,4555.94
300.0,4552.79,4500.30,4605.28
305.0,4605.63,4552.93,4658.34
310.0,4654.58,4601.47,4707.69
315.0,4703.48,4650.11,4756.85
320.0,4753.15,4699.42,4806.88
325.0,4801.70,4747.60,4855.81
330.0,4848.14,4793.84,4902.44
335.0,4895.72,4841.32,4950.12
340.0,4943.04,4888.31,4997.77
345.0,4992.16,4937.14,5047.18
350.0,5038.35,4983.11,5093.60
355.0,5085.50,5030.06,5140.95
360.0,5133.53,5077.48,5189.57
365.0,5179.72,5123.42,5236.02
370.0,5226.36,5169.98,5282.74
375.0,5271.61,5215.24,5327.99
380.0,5318.87,5262.67,5375.07
385.0,5365.02,5308.53,5421.51
390.0,5410.97,5354.44,5467.49
395.0,5454.52,5397.77,5511.27
400.0,5497.61,5440.53,5554.70
405.0,5542.24,5484.93,5599.55
410.0,5584.66,5527.29,5642.03
415.0,5630.36,5572.67,5688.05
420.0,5674.79,5617.22,5732.37
425.0,5718.17,5660.23,5776.11
430.0,5764.38,5706.09,5822.66
435.0,5809.28,5750.73,5867.84
440.0,5851.46,5792.61,5910.31
445.0,5896.69,5837.48,5955.91
450.0,5939.22,5879.47,5998.97
455.0,5983.33,5923.60,6043.06
460.0,6025.76,5965.87,6085.65
465.0,6066.75,6006.38,6127.13
470.0,6108.46,6048.32,6168.60
475.0,6151.59,6091.28,6211.90
480.0,6193.38,6132.90,6253.86
485.0,6234.49,6173.84,6295.13
490.0,6275.30,6214.55,6336.05
495.0,6315.58,6254.95,6376.21
500.0,6356.02,6295.17,6416.87
505.0,6397.43,6336.35,6458.51
510.0,6438.20,6376.63,6499.78
515.0,6477.16,6415.79,6538.52
520.0,6515.02,6453.22,6576.81
525.0,6554.70,6492.93,6616.47
530.0,6592.36,6530.20,6654.52
535.0,6632.27,6570.01,6694.54
540.0,6670.25,6607.46,6733.03
545.0,6708.84,6645.89,6771.79
550.0,6747.72,6684.83,6810.60
555.0,6786.41,6723.22,6849.60
560.0,6824.78,6761.69,6887.87
565.0,6862.86,6799.78,6925.95
570.0,6903.22,6839.86,6966.59
575.0,6942.59,6879.23,7005.96
580.0,6979.96,6916.57,7043.36
585.0,7018.94,6955.31,7082.57
590.0,7055.95,6992.14,7119.76
595.0,7093.21,7029.37,7157.06
600.0,7127.99,7063.98,7191.99
605.0,7164.79,7100.80,7228.79
610.0,7201.88,7137.64,7266.13
615.0,7237.85,7173.46,7302.24
620.0,7275.20,7210.69,7339.70
625.0,7313.12,7248.71,7377.54
630.0,7349.01,7284.19,7413.84
635.0,7385.63,7320.86,7450.39
640.0,7421.53,7356.84,7486.21
645.0,7457.79,7393.27,7522.31
650.0,7492.27,7427.71,7556.84
655.0,7527.85,7463.13,7592.56
660.0,7562.53,7497.71,7627.34
665.0,7597.32,7532.23,7662.40
670.0,7630.41,7565.00,7695.81
675.0,7665.32,7599.79,7730.86
680.0,7700.29,7634.59,7765.98
685.0,7735.25,7669.31,7801.18
690.0,7768.60,7702.69,7834.52
695.0,7803.58,7737.56,7869.59
700.0,7838.21,7772.37,7904.06
705.0,7871.89,7805.95,7937.83
710.0,7905.77,7839.74,7971.80
715.0,7939.16,7872.99,8005.33
720.0,7972.95,7906.77,8039.13
725.0,8006.89,7940.50,8073.29
730.0,8040.05,7973.58,8106.51
735.0,8072.94,8006.14,8139.74
740.0,8103.78,8036.82,8170.74
745.0,8134.81,8067.83,8201.78
750.0,8168.35,8101.50,8235.20
755.0,8200.39,8133.20,8267.59
760.0,8232.25,8164.98,8299.51
765.0,8263.76,8196.77,8330.75
770.0,8297.35,8230.43,8364.27
775.0,8331.24,8264.75,8397.73
780.0,8361.98,8295.62,8428.35
785.0,8394.19,8327.76,8460.63
790.0,8425.08,8358.42,8491.75
795.0,8455.21,8388.43,8521.99
800.0,8485.75,8418.94,8552.57
805.0,8518.06,8450.98,8585.13
810.0,8550.63,8483.42,8617.84
815.0,8581.55,8514.44,8648.67
820.0,8613.54,8546.16,8680.92
825.0,8644.24,8576.87,8711.61
830.0,8676.43,8609.19,8743.67
835.0,8708.23,8640.95,8775.51
840.0,8738.96,8671.65,8806.28
845.0,8769.42,8701.86,8836.98
850.0,8800.90,8733.43,8868.36
855.0,8831.88,8764.38,8899.37
860.0,8862.53,8795.13,8929.94
865.0,8893.41,8826.07,8960.76
870.0,8924.29,8856.93,8991.65
875.0,8954.57,8887.27,9021.87
880.0,8984.94,8917.64,9052.24
885.0,9014.78,8947.47,9082.09
890.0,9044.32,8976.97,9111.68
895.0,9073.77,9006.50,9141.04
900.0,9103.78,9036.25,9171.32
905.0,9133.53,9065.93,9201.12
910.0,9161.87,9094.19,9229.54
915.0,9189.79,9122.15,9257.43
920.0,9219.49,9151.74,9287.25
925.0,9248.77,9181.01,9316.54
930.0,9277.51,9209.85,9345.17
935.0,9305.55,9237.90,9373.21
940.0,9332.47,9264.50,9400.45
945.0,9361.07,9293.11,9429.03
950.0,9390.72,9322.82,9458.62
955.0,9420.38,9352.24,9488.52
960.0,9449.60,9381.40,9517.81
965.0,9475.93,9407.68,9544.17
970.0,9504.55,9436.15,9572.95
975.0,9532.25,9463.83,9600.67
980.0,9560.97,9492.37,9629.58
985.0,9587.75,9519.00,9656.50
990.0,9615.31,9546.53,9684.09
995.0,9642.24,9573.28,9711.20
1000.0,9669.06,9600.05,9738.08
