trial,mean,ci_down,ci_up
0.0,101.09,99.82,102.37
5.0,102.58,101.35,103.82
10.0,100.96,99.66,102.26
15.0,101.60,100.31,102.88
20.0,101.87,100.45,103.29
25.0,102.20,101.02,103.38
30.0,101.75,100.47,103.03
35.0,101.97,100.75,103.19
40.0,102.39,101.10,103.69
45.0,101.93,100.60,103.26
50.0,102.53,101.20,103.87
55.0,101.96,100.62,103.30
60.0,100.94,99.72,102.16
65.0,101.95,100.70,103.20
70.0,101.06,99.73,102.39
75.0,101.30,100.05,102.56
80.0,101.70,100.42,102.99
85.0,101.52,100.26,102.79
90.0,101.85,100.53,103.17
95.0,101.71,100.45,102.97
100.0,103.22,101.87,104.56
105.0,102.10,100.83,103.37
110.0,101.67,100.36,102.98
115.0,103.15,101.80,104.50
120.0,102.50,101.12,103.88
125.0,101.26,99.98,102.55
130.0,101.76,100.44,103.08
135.0,102.52,101.31,103.73
140.0,101.66,100.40,102.92
145.0,102.11,100.84,103.39
150.0,100.74,99.50,101.98
155.0,101.65,100.29,103.02
160.0,102.00,100.75,103.25
165.0,101.42,100.19,102.65
170.0,101.52,100.24,102.80
175.0,101.24,99.86,102.61
180.0,102.50,101.16,103.83
185.0,101.78,100.48,103.08
190.0,102.29,100.98,103.60
195.0,102.49,101.22,103.77
200.0,101.69,100.45,102.93
205.0,102.00,100.76,103.24
210.0,101.31,99.96,102.67
215.0,102.57,101.14,104.00
220.0,102.19,100.96,103.42
225.0,102.35,100.98,103.73
230.0,102.18,100.87,103.50
235.0,101.34,100.02,102.67
240.0,102.59,101.35,103.83
245.0,101.67,100.34,103.01
250.0,101.90,100.58,103.21
255.0,101.39,100.20,102.58
260.0,101.94,100.75,103.13
265.0,102.26,100.91,103.62
270.0,101.50,100.25,102.75
275.0,101.77,100.44,103.10
280.0,102.02,100.75,103.29
285.0,101.89,100.58,103.20
290.0,101.26,99.93,102.58
295.0,102.01,100.75,103.26
300.0,102.27,100.91,103.62
305.0,101.49,100.24,102.74
310.0,102.13,100.73,103.53
315.0,102.29,100.89,103.69
320.0,101.94,100.64,103.25
325.0,102.35,100.92,103.77
330.0,101.50,100.19,102.82
335.0,101.63,100.30,102.96
340.0,102.10,100.79,103.41
345.0,101.39,100.11,102.67
350.0,102.17,100.78,103.57
355.0,101.18,99.86,102.50
360.0,101.87,100.62,103.11
365.0,102.18,100.84,103.53
370.0,101.71,100.42,102.99
375.0,101.54,100.35,102.73
380.0,101.35,100.06,102.64
385.0,101.47,100.24,102.70
390.0,101.66,100.34,102.99
395.0,101.54,100.20,102.88
400.0,102.00,100.66,103.33
405.0,102.73,101.50,103.96
410.0,101.68,100.44,102.91
415.0,100.85,99.62,102.07
420.0,101.26,99.92,102.60
425.0,101.91,100.61,103.20
430.0,102.54,101.24,103.84
435.0,101.70,100.56,102.84
440.0,101.98,100.70,103.25
445.0,102.33,101.04,103.63
450.0,101.80,100.48,103.11
455.0,101.53,100.24,102.82
460.0,101.83,100.60,103.07
465.0,101.56,100.28,102.84
470.0,101.08,99.76,102.40
475.0,101.39,100.09,102.69
480.0,102.49,101.15,103.83
485.0,101.86,100.52,103.21
490.0,102.17,100.82,103.52
495.0,101.95,100.73,103.17
500.0,101.87,100.70,103.05
505.0,101.75,100.37,103.14
510.0,101.64,100.47,102.80
515.0,102.57,101.21,103.94
520.0,101.78,100.51,103.05
525.0,101.92,100.67,103.17
530.0,102.06,100.71,103.41
535.0,101.27,100.08,102.47
540.0,102.10,100.76,103.43
545.0,102.16,100.86,103.45
550.0,101.56,100.34,102.78
555.0,102.23,100.93,103.53
560.0,101.30,100.00,102.60
565.0,101.22,99.98,102.47
570.0,100.84,99.59,102.10
575.0,101.98,100.65,103.32
580.0,101.36,100.07,102.65
585.0,102.23,100.98,103.49
590.0,101.56,100.18,102.95
595.0,102.18,100.89,103.48
600.0,101.88,100.59,103.17
605.0,101.81,100.44,103.17
610.0,101.00,99.75,102.26
615.0,100.71,99.41,102.01
620.0,101.43,100.18,102.68
625.0,101.98,100.77,103.18
630.0,102.16,100.88,103.44
635.0,102.08,100.78,103.38
640.0,101.97,100.62,103.32
645.0,102.36,101.09,103.64
650.0,101.83,100.54,103.12
655.0,101.92,100.62,103.23
660.0,101.56,100.29,102.83
665.0,102.29,101.07,103.52
670.0,101.45,100.14,102.76
675.0,102.21,100.91,103.52
680.0,102.48,101.14,103.81
685.0,101.93,100.58,103.29
690.0,102.06,100.79,103.32
695.0,101.90,100.65,103.15
700.0,102.12,100.79,103.46
705.0,102.27,100.96,103.58
710.0,102.09,100.70,103.48
715.0,101.76,100.52,103.00
720.0,102.34,101.08,103.60
725.0,102.09,100.82,103.36
730.0,101.83,100.53,103.14
735.0,101.97,100.72,103.23
740.0,102.12,100.86,103.38
745.0,100.80,99.50,102.10
750.0,101.17,99.84,102.50
755.0,102.22,101.02,103.42
760.0,101.82,100.46,103.19
765.0,101.20,100.05,102.34
770.0,100.82,99.58,102.06
775.0,101.63,100.33,102.92
780.0,102.32,100.95,103.69
785.0,101.45,100.17,102.72
790.0,101.58,100.28,102.88
795.0,101.71,100.34,103.08
800.0,101.44,100.07,102.82
805.0,101.73,100.40,103.05
810.0,101.62,100.30,102.94
815.0,101.79,100.51,103.06
820.0,101.67,100.29,103.05
825.0,101.58,100.24,102.91
830.0,102.52,101.18,103.86
835.0,101.86,100.53,103.20
840.0,102.32,101.00,103.64
845.0,100.92,99.63,102.21
850.0,101.90,100.68,103.12
855.0,101.75,100.52,102.98
860.0,100.86,99.54,102.19
865.0,101.63,100.37,102.88
870.0,101.66,100.26,103.06
875.0,100.92,99.70,102.15
880.0,101.82,100.54,103.11
885.0,101.04,99.74,102.34
890.0,101.68,100.43,102.92
895.0,101.58,100.26,102.91
900.0,101.83,100.54,103.12
905.0,102.18,100.88,103.48
910.0,101.52,100.25,102.79
915.0,101.13,99.78,102.47
920.0,101.38,100.11,102.65
925.0,101.99,100.65,103.34
930.0,102.12,100.84,103.40
935.0,102.39,101.08,103.70
940.0,101.71,100.37,103.05
945.0,102.64,101.31,103.97
950.0,102.39,101.11,103.68
955.0,100.94,99.65,102.22
960.0,101.28,99.92,102.63
965.0,101.71,100.38,103.03
970.0,101.41,100.01,102.80
975.0,102.59,101.17,104.02
980.0,101.96,100.72,103.20
985.0,101.23,99.94,102.53
990.0,101.97,100.76,103.19
995.0,101.82,100.54,103.09
1000.0,102.66,101.34,103.98
1005.0,102.23,100.95,103.52
1010.0,101.61,100.31,102.91
1015.0,101.82,100.48,103.16
1020.0,102.88,101.63,104.13
1025.0,101.22,99.97,102.48
1030.0,101.47,100.26,102.68
1035.0,101.56,100.19,102.92
1040.0,102.05,100.70,103.40
1045.0,102.24,100.90,103.57
1050.0,100.86,99.55,102.17
1055.0,102.31,100.94,103.68
1060.0,101.50,100.13,102.87
1065.0,101.94,100.64,103.23
1070.0,101.26,100.07,102.44
1075.0,101.83,100.56,103.09
1080.0,101.78,100.50,103.07
1085.0,101.48,100.25,102.72
1090.0,101.61,100.40,102.83
1095.0,100.48,99.20,101.76
1100.0,101.88,100.55,103.21
1105.0,101.87,100.60,103.14
1110.0,102.18,100.92,103.45
1115.0,102.07,100.75,103.38
1120.0,101.99,100.63,103.35
1125.0,101.23,99.99,102.47
1130.0,102.66,101.38,103.94
1135.0,101.62,100.38,102.85
1140.0,101.81,100.47,103.16
1145.0,102.44,101.09,103.78
1150.0,101.54,100.30,102.79
1155.0,102.30,101.06,103.53
1160.0,101.80,100.68,102.92
1165.0,101.12,99.83,102.41
1170.0,100.86,99.63,102.09
1175.0,101.89,100.64,103.14
1180.0,101.91,100.72,103.10
1185.0,101.31,100.07,102.56
1190.0,101.82,100.48,103.16
1195.0,102.38,101.07,103.68
1200.0,101.73,100.50,102.95
1205.0,101.41,100.15,102.66
1210.0,101.90,100.61,103.19
1215.0,101.06,99.92,102.19
1220.0,102.01,100.70,103.31
1225.0,102.14,100.85,103.43
1230.0,102.54,101.33,103.76
1235.0,101.28,99.92,102.64
1240.0,101.76,100.47,103.04
1245.0,101.26,100.05,102.47
1250.0,101.77,100.48,103.07
1255.0,100.49,99.25,101.73
1260.0,101.86,100.53,103.18
1265.0,101.89,100.57,103.21
1270.0,101.47,100.19,102.75
1275.0,101.74,100.54,102.95
1280.0,102.69,101.33,104.05
1285.0,101.25,99.89,102.61
1290.0,101.02,99.79,102.26
1295.0,101.61,100.29,102.92
1300.0,102.33,101.01,103.64
1305.0,102.70,101.39,104.01
1310.0,102.09,100.85,103.32
1315.0,100.93,99.75,102.12
1320.0,101.92,100.63,103.21
1325.0,102.04,100.79,103.28
1330.0,101.13,99.88,102.37
1335.0,100.73,99.47,101.99
1340.0,101.97,100.63,103.32
1345.0,102.05,100.73,103.37
1350.0,102.28,101.07,103.48
1355.0,101.21,99.91,102.51
1360.0,102.06,100.72,103.40
1365.0,102.33,101.04,103.61
1370.0,101.16,99.85,102.47
1375.0,102.24,100.92,103.56
1380.0,101.19,100.05,102.34
1385.0,102.37,101.10,103.63
1390.0,101.77,100.54,103.01
1395.0,102.18,100.95,103.40
1400.0,101.99,100.62,103.35
1405.0,100.94,99.59,102.28
1410.0,102.03,100.80,103.27
1415.0,101.78,100.50,103.06
1420.0,101.60,100.32,102.87
1425.0,101.44,100.15,102.72
1430.0,102.18,100.82,103.53
1435.0,101.17,99.92,102.41
1440.0,102.66,101.39,103.93
1445.0,101.88,100.55,103.21
1450.0,101.96,100.49,103.43
1455.0,101.77,100.38,103.16
1460.0,100.39,99.14,101.63
1465.0,101.27,99.95,102.58
1470.0,101.98,100.78,103.17
1475.0,101.71,100.34,103.08
1480.0,101.47,100.22,102.72
1485.0,101.37,100.09,102.65
1490.0,101.96,100.63,103.30
1495.0,101.17,99.92,102.41
1500.0,102.57,101.28,103.85
