trial,mean,ci_down,ci_up
0.0,0.00,0.00,0.00
5.0,213.86,196.79,230.94
10.0,433.11,409.41,456.82
15.0,652.32,623.30,681.34
20.0,861.46,829.85,893.07
25.0,1058.15,1024.07,1092.24
30.0,1262.61,1224.22,1301.00
35.0,1463.82,1421.36,1506.28
40.0,1635.26,1591.53,1678.99
45.0,1826.78,1778.48,1875.07
50.0,2025.42,1977.14,2073.70
55.0,2206.80,2157.77,2255.83
60.0,2383.34,2331.00,2435.69
65.0,2567.42,2510.97,2623.86
70.0,2765.58,2709.17,2821.98
75.0,2930.94,2872.80,2989.08
80.0,3122.10,3064.76,3179.45
85.0,3315.67,3254.64,3376.69
90.0,3489.29,3424.78,3553.81
95.0,3658.83,3594.03,3723.64
100.0,3823.37,3754.31,3892.43
105.0,3986.49,3915.80,4057.19
110.0,4146.51,4073.66,4219.35
115.0,4326.21,4249.96,4402.45
120.0,4497.31,4421.58,4573.04
125.0,4665.95,4588.59,4743.31
130.0,4829.04,4748.13,4909.94
135.0,4996.58,4913.57,5079.60
140.0,5160.45,5076.64,5244.26
145.0,5328.01,5241.37,5414.65
150.0,5502.07,5411.56,5592.58
155.0,5662.03,5570.47,5753.59
160.0,5826.09,5731.95,5920.24
165.0,5994.13,5900.32,6087.94
170.0,6146.98,6053.26,6240.70
175.0,6309.26,6214.64,6403.88
180.0,6464.32,6366.66,6561.98
185.0,6609.93,6510.32,6709.55
190.0,6779.68,6677.39,6881.96
195.0,6935.61,6832.84,7038.38
200.0,7094.39,6989.29,7199.48
205.0,7253.00,7149.58,7356.41
210.0,7410.97,7306.01,7515.92
215.0,7557.65,7452.68,7662.61
220.0,7715.73,7609.08,7822.38
225.0,7878.46,7772.39,7984.53
230.0,8037.70,7931.58,8143.81
235.0,8196.85,8089.42,8304.28
240.0,8353.65,8243.88,8463.41
245.0,8515.77,8404.10,8627.45
250.0,8674.94,8562.45,8787.43
255.0,8823.80,8711.18,8936.42
260.0,8983.84,8869.13,9098.56
265.0,9125.62,9009.41,9241.84
270.0,9288.08,9169.56,9406.61
275.0,9434.61,9315.84,9553.39
280.0,9595.97,9475.30,9716.64
285.0,9751.80,9631.52,9872.09
290.0,9905.69,9786.28,10025.09
295.0,10048.81,9929.45,10168.16
300.0,10196.88,10079.11,10314.64
305.0,10349.18,10230.38,10467.99
310.0,10500.08,10379.47,10620.69
315.0,10660.24,10536.76,10783.72
320.0,10803.27,10680.18,10926.35
325.0,10948.44,10825.97,11070.90
330.0,11105.24,10983.87,11226.62
335.0,11253.91,11129.52,11378.30
340.0,11399.49,11272.85,11526.12
345.0,11560.66,11431.65,11689.67
350.0,11711.58,11581.87,11841.29
355.0,11866.36,11737.41,11995.32
360.0,12014.78,11881.66,12147.90
365.0,12140.82,12006.69,12274.95
370.0,12290.10,12154.56,12425.63
375.0,12438.47,12300.50,12576.43
380.0,12590.53,12451.95,12729.12
385.0,12739.87,12601.54,12878.20
390.0,12879.67,12742.27,13017.08
395.0,13017.24,12879.14,13155.34
400.0,13160.09,13020.44,13299.74
405.0,13304.30,13165.23,13443.37
410.0,13436.23,13296.28,13576.19
415.0,13563.58,13421.85,13705.31
420.0,13693.84,13551.19,13836.49
425.0,13838.18,13693.43,13982.92
430.0,13986.13,13842.89,14129.38
435.0,14129.23,13987.12,14271.34
440.0,14269.81,14126.66,14412.96
445.0,14414.97,14273.10,14556.85
450.0,14559.31,14418.19,14700.43
455.0,14697.67,14560.53,14834.82
460.0,14830.53,14693.73,14967.33
465.0,14985.87,14847.62,15124.11
470.0,15128.51,14989.81,15267.20
475.0,15270.17,15132.09,15408.26
480.0,15405.03,15267.33,15542.73
485.0,15540.68,15400.52,15680.84
490.0,15672.41,15531.58,15813.24
495.0,15820.94,15679.51,15962.38
500.0,15964.53,15823.50,16105.55
505.0,16105.30,15962.82,16247.78
510.0,16239.53,16095.99,16383.08
515.0,16382.85,16239.21,16526.48
520.0,16503.24,16357.88,16648.60
525.0,16649.25,16502.99,16795.51
530.0,16779.72,16635.15,16924.30
535.0,16924.09,16778.38,17069.80
540.0,17067.24,16921.23,17213.24
545.0,17203.70,17057.47,17349.94
550.0,17339.08,17195.43,17482.73
555.0,17473.50,17330.12,17616.89
560.0,17603.42,17458.14,17748.70
565.0,17729.03,17582.15,17875.92
570.0,17857.61,17712.97,18002.25
575.0,17990.83,17846.36,18135.30
580.0,18135.42,17989.66,18281.18
585.0,18263.80,18116.75,18410.85
590.0,18394.49,18245.38,18543.61
595.0,18515.56,18365.68,18665.44
600.0,18660.52,18510.39,18810.65
605.0,18788.55,18638.69,18938.41
610.0,18925.04,18775.34,19074.74
615.0,19072.80,18921.27,19224.33
620.0,19217.38,19063.60,19371.15
625.0,19356.51,19200.90,19512.13
630.0,19488.51,19331.52,19645.50
635.0,19631.56,19475.36,19787.77
640.0,19759.40,19602.26,19916.54
645.0,19886.82,19730.13,20043.52
650.0,20021.24,19863.89,20178.59
655.0,20147.92,19989.62,20306.23
660.0,20281.05,20123.77,20438.34
665.0,20412.98,20254.66,20571.31
670.0,20554.86,20395.50,20714.23
675.0,20677.77,20517.39,20838.15
680.0,20802.00,20640.75,20963.24
685.0,20925.74,20763.45,21088.02
690.0,21055.41,20892.81,21218.01
695.0,21199.86,21039.55,21360.17
700.0,21331.75,21170.46,21493.03
705.0,21456.74,21293.40,21620.08
710.0,21598.82,21431.94,21765.70
715.0,21738.99,21572.41,21905.57
720.0,21870.61,21702.25,22038.97
725.0,22009.84,21844.09,22175.59
730.0,22137.81,21972.18,22303.45
735.0,22264.73,22097.86,22431.61
740.0,22408.14,22241.55,22574.74
745.0,22530.10,22360.86,22699.33
750.0,22660.92,22492.14,22829.70
755.0,22785.06,22615.14,22954.98
760.0,22910.98,22740.15,23081.82
765.0,23039.97,22867.00,23212.93
770.0,23159.61,22986.41,23332.81
775.0,23289.47,23116.13,23462.82
780.0,23431.98,23258.33,23605.63
785.0,23567.00,23391.51,23742.49
790.0,23686.77,23509.78,23863.76
795.0,23817.11,23640.38,23993.85
800.0,23940.28,23762.75,24117.81
805.0,24076.83,23899.18,24254.48
810.0,24222.14,24045.56,24398.72
815.0,24341.87,24162.75,24520.98
820.0,24459.65,24279.35,24639.95
825.0,24583.90,24403.86,24763.94
830.0,24717.51,24536.59,24898.42
835.0,24841.05,24659.89,25022.20
840.0,24959.69,24775.82,25143.55
845.0,25093.18,24909.97,25276.38
850.0,25228.25,25043.19,25413.30
855.0,25366.58,25178.12,25555.03
860.0,25506.79,25319.66,25693.92
865.0,25650.13,25462.99,25837.27
870.0,25772.86,25584.91,25960.81
875.0,25897.76,25708.48,26087.04
880.0,26025.92,25834.80,26217.04
885.0,26156.47,25964.29,26348.64
890.0,26269.08,26073.40,26464.75
895.0,26404.33,26209.73,26598.92
900.0,26522.78,26327.63,26717.93
905.0,26648.07,26450.91,26845.22
910.0,26772.06,26574.09,26970.04
915.0,26905.98,26708.13,27103.84
920.0,27022.91,26825.50,27220.31
925.0,27157.40,26958.25,27356.55
930.0,27287.63,27087.92,27487.34
935.0,27421.60,27219.75,27623.44
940.0,27539.01,27337.71,27740.31
945.0,27669.67,27469.27,27870.07
950.0,27789.08,27588.99,27989.17
955.0,27939.06,27737.29,28140.84
960.0,28078.76,27874.97,28282.56
965.0,28197.02,27992.22,28401.81
970.0,28329.04,28121.97,28536.12
975.0,28452.78,28247.25,28658.30
980.0,28577.61,28370.42,28784.81
985.0,28690.57,28484.02,28897.12
990.0,28806.31,28598.04,29014.58
995.0,28933.86,28724.83,29142.88
1000.0,29058.92,28847.86,29269.99
1005.0,29196.91,28985.89,29407.93
1010.0,29321.52,29110.75,29532.29
1015.0,29447.80,29235.52,29660.09
1020.0,29582.63,29370.06,29795.19
1025.0,29699.26,29487.33,29911.20
1030.0,29815.80,29604.47,30027.12
1035.0,29943.23,29731.27,30155.19
1040.0,30080.50,29869.46,30291.55
1045.0,30201.77,29991.86,30411.68
1050.0,30330.05,30118.44,30541.67
1055.0,30459.53,30249.19,30669.87
1060.0,30580.54,30370.59,30790.49
1065.0,30706.26,30495.17,30917.35
1070.0,30833.36,30621.21,31045.50
1075.0,30970.83,30755.77,31185.90
1080.0,31095.96,30880.20,31311.72
1085.0,31224.70,31009.45,31439.96
1090.0,31344.18,31128.20,31560.15
1095.0,31469.80,31252.79,31686.81
1100.0,31596.28,31378.32,31814.25
1105.0,31719.97,31501.75,31938.19
1110.0,31838.58,31620.27,32056.89
1115.0,31959.56,31742.04,32177.08
1120.0,32087.68,31869.24,32306.13
1125.0,32210.53,31992.30,32428.77
1130.0,32335.26,32116.66,32553.86
1135.0,32457.61,32239.69,32675.53
1140.0,32577.56,32359.26,32795.86
1145.0,32693.23,32474.32,32912.13
1150.0,32831.98,32611.87,33052.08
1155.0,32962.88,32743.59,33182.17
1160.0,33088.62,32869.49,33307.74
1165.0,33215.80,32996.65,33434.95
1170.0,33345.78,33126.00,33565.57
1175.0,33468.47,33248.70,33688.24
1180.0,33577.33,33357.49,33797.17
1185.0,33705.65,33484.84,33926.47
1190.0,33826.47,33605.65,34047.29
1195.0,33940.66,33721.28,34160.03
1200.0,34066.52,33846.78,34286.25
1205.0,34185.16,33964.65,34405.66
1210.0,34316.27,34096.50,34536.03
1215.0,34432.08,34212.49,34651.66
1220.0,34563.68,34344.25,34783.11
1225.0,34687.12,34467.56,34906.68
1230.0,34802.51,34581.59,35023.43
1235.0,34926.75,34703.41,35150.09
1240.0,35050.92,34829.64,35272.21
1245.0,35178.56,34954.83,35402.29
1250.0,35296.03,35072.07,35519.99
1255.0,35421.61,35199.64,35643.59
1260.0,35542.41,35321.77,35763.06
1265.0,35672.17,35450.87,35893.48
1270.0,35793.68,35572.04,36015.33
1275.0,35928.29,35706.37,36150.21
1280.0,36045.24,35821.70,36268.78
1285.0,36170.41,35947.17,36393.64
1290.0,36294.80,36071.63,36517.96
1295.0,36407.05,36185.42,36628.67
1300.0,36529.92,36307.00,36752.84
1305.0,36658.21,36434.63,36881.78
1310.0,36784.38,36560.82,37007.95
1315.0,36897.42,36673.61,37121.23
1320.0,37020.21,36795.08,37245.34
1325.0,37145.81,36920.18,37371.44
1330.0,37271.01,37042.98,37499.05
1335.0,37383.28,37155.13,37611.44
1340.0,37504.99,37276.35,37733.63
1345.0,37620.55,37392.16,37848.95
1350.0,37738.66,37510.72,37966.61
1355.0,37853.68,37624.35,38083.01
1360.0,37962.02,37732.38,38191.66
1365.0,38080.84,37851.25,38310.42
1370.0,38192.12,37961.63,38422.61
1375.0,38316.27,38085.03,38547.51
1380.0,38436.56,38204.53,38668.58
1385.0,38551.75,38318.85,38784.64
1390.0,38677.56,38444.45,38910.68
1395.0,38788.94,38555.35,39022.53
1400.0,38903.09,38669.82,39136.35
1405.0,39027.79,38793.73,39261.85
1410.0,39153.91,38918.66,39389.17
1415.0,39278.86,39045.14,39512.59
1420.0,39383.09,39148.67,39617.52
1425.0,39502.96,39265.82,39740.10
1430.0,39619.54,39382.84,39856.25
1435.0,39741.76,39503.87,39979.65
1440.0,39870.20,39629.15,40111.24
1445.0,40000.72,39759.48,40241.95
1450.0,40110.98,39867.69,40354.27
1455.0,40226.72,39982.07,40471.37
1460.0,40349.73,40104.36,40595.09
1465.0,40475.94,40229.45,40722.42
1470.0,40588.91,40339.36,40838.46
1475.0,40698.05,40448.43,40947.66
1480.0,40817.55,40567.29,41067.80
1485.0,40942.50,40691.64,41193.35
1490.0,41066.77,40816.68,41316.85
1495.0,41196.39,40945.37,41447.42
1500.0,41309.74,41058.89,41560.59
