trial,mean,ci_down,ci_up
0.0,25.98,25.30,26.65
5.0,24.73,23.94,25.53
10.0,25.94,25.20,26.67
15.0,25.63,24.87,26.40
20.0,24.99,24.14,25.84
25.0,25.42,24.66,26.19
30.0,25.96,25.13,26.79
35.0,25.79,24.96,26.61
40.0,24.87,24.19,25.55
45.0,24.46,23.78,25.14
50.0,24.74,23.94,25.54
55.0,25.14,24.48,25.80
60.0,25.55,24.74,26.36
65.0,24.74,23.89,25.59
70.0,24.40,23.69,25.10
75.0,25.41,24.66,26.16
80.0,24.65,23.94,25.35
85.0,23.82,23.03,24.60
90.0,24.32,23.55,25.09
95.0,24.36,23.66,25.06
100.0,23.75,23.10,24.40
105.0,23.76,22.97,24.54
110.0,24.74,23.95,25.54
115.0,22.93,22.14,23.72
120.0,23.05,22.19,23.92
125.0,24.02,23.29,24.75
130.0,23.70,23.02,24.39
135.0,23.71,22.99,24.42
140.0,23.96,23.24,24.67
145.0,23.73,22.96,24.50
150.0,23.10,22.36,23.83
155.0,22.94,22.16,23.72
160.0,23.59,22.82,24.36
165.0,23.71,22.92,24.50
170.0,23.36,22.66,24.06
175.0,23.99,23.24,24.74
180.0,23.00,22.37,23.63
185.0,23.99,23.18,24.79
190.0,23.43,22.71,24.15
195.0,22.78,22.17,23.39
200.0,22.49,21.83,23.15
205.0,23.34,22.68,24.00
210.0,23.51,22.81,24.22
215.0,23.95,23.16,24.75
220.0,23.18,22.52,23.84
225.0,23.05,22.32,23.77
230.0,23.25,22.51,23.99
235.0,22.93,22.28,23.59
240.0,23.33,22.54,24.11
245.0,23.00,22.31,23.68
250.0,22.85,22.22,23.49
255.0,23.09,22.47,23.70
260.0,23.79,23.07,24.52
265.0,22.11,21.48,22.74
270.0,22.51,21.81,23.21
275.0,23.50,22.79,24.21
280.0,23.30,22.61,23.99
285.0,23.30,22.57,24.02
290.0,22.59,21.85,23.33
295.0,22.65,21.94,23.35
300.0,23.04,22.44,23.63
305.0,22.94,22.26,23.61
310.0,22.55,21.81,23.28
315.0,23.11,22.45,23.77
320.0,22.87,22.17,23.57
325.0,22.47,21.80,23.15
330.0,22.69,21.91,23.46
335.0,22.77,22.18,23.36
340.0,22.85,21.98,23.73
345.0,22.53,21.92,23.13
350.0,22.64,21.91,23.38
355.0,23.21,22.50,23.91
360.0,23.00,22.24,23.77
365.0,22.52,21.91,23.13
370.0,22.35,21.64,23.07
375.0,21.67,21.05,22.30
380.0,22.86,22.16,23.56
385.0,22.05,21.36,22.73
390.0,22.72,21.94,23.50
395.0,22.64,21.92,23.35
400.0,22.18,21.55,22.82
405.0,22.81,22.10,23.53
410.0,22.47,21.73,23.21
415.0,22.64,22.01,23.27
420.0,22.93,22.23,23.64
425.0,22.80,22.16,23.44
430.0,23.03,22.30,23.77
435.0,23.32,22.60,24.03
440.0,22.66,22.01,23.31
445.0,23.31,22.54,24.07
450.0,22.12,21.50,22.74
455.0,23.06,22.34,23.78
460.0,22.96,22.19,23.74
465.0,22.85,22.18,23.52
470.0,22.44,21.82,23.06
475.0,22.52,21.86,23.17
480.0,23.04,22.29,23.79
485.0,22.64,22.05,23.23
490.0,22.28,21.58,22.98
495.0,22.05,21.41,22.69
500.0,22.18,21.47,22.89
505.0,21.99,21.35,22.63
510.0,22.74,22.11,23.37
515.0,22.71,21.91,23.52
520.0,23.28,22.50,24.07
525.0,23.08,22.43,23.73
530.0,22.38,21.77,22.99
535.0,21.53,20.86,22.20
540.0,21.98,21.29,22.67
545.0,22.36,21.71,23.01
550.0,21.69,21.07,22.30
555.0,21.82,21.15,22.48
560.0,22.00,21.31,22.70
565.0,21.71,21.06,22.35
570.0,22.39,21.58,23.21
575.0,22.55,21.84,23.26
580.0,22.57,21.93,23.20
585.0,22.94,22.19,23.70
590.0,21.85,21.19,22.51
595.0,22.02,21.32,22.72
600.0,22.08,21.39,22.76
605.0,22.42,21.70,23.14
610.0,21.93,21.22,22.64
615.0,21.23,20.56,21.90
620.0,22.21,21.55,22.87
625.0,22.62,21.91,23.34
630.0,22.73,21.98,23.49
635.0,22.77,22.12,23.42
640.0,22.02,21.28,22.77
645.0,22.36,21.62,23.11
650.0,22.02,21.34,22.70
655.0,22.34,21.73,22.95
660.0,22.45,21.84,23.05
665.0,22.20,21.46,22.94
670.0,22.22,21.45,22.99
675.0,22.20,21.40,22.99
680.0,22.15,21.44,22.87
685.0,22.49,21.79,23.19
690.0,21.97,21.25,22.69
695.0,21.96,21.30,22.63
700.0,22.22,21.60,22.85
705.0,21.96,21.31,22.61
710.0,23.17,22.55,23.80
715.0,22.32,21.63,23.01
720.0,22.03,21.24,22.82
725.0,22.06,21.36,22.75
730.0,21.77,21.14,22.40
735.0,22.11,21.39,22.83
740.0,21.76,21.13,22.39
745.0,22.56,21.91,23.22
750.0,21.78,21.14,22.41
755.0,22.56,21.89,23.23
760.0,22.34,21.65,23.04
765.0,22.20,21.46,22.93
770.0,22.50,21.78,23.22
775.0,22.79,22.05,23.53
780.0,22.21,21.45,22.97
785.0,21.72,21.03,22.40
790.0,22.36,21.72,23.00
795.0,22.01,21.32,22.71
800.0,22.88,22.16,23.60
805.0,22.32,21.67,22.96
810.0,22.85,22.10,23.60
815.0,22.95,22.26,23.65
820.0,22.57,21.90,23.24
825.0,22.30,21.64,22.95
830.0,22.40,21.72,23.08
835.0,21.57,20.87,22.26
840.0,22.17,21.53,22.81
845.0,22.31,21.63,22.99
850.0,22.18,21.44,22.91
855.0,22.48,21.71,23.25
860.0,22.18,21.55,22.80
865.0,21.77,21.04,22.50
870.0,21.64,20.95,22.33
875.0,22.05,21.36,22.75
880.0,22.83,22.13,23.54
885.0,21.42,20.68,22.17
890.0,21.71,21.04,22.38
895.0,21.93,21.17,22.68
900.0,22.39,21.71,23.08
905.0,21.75,21.06,22.45
910.0,23.22,22.50,23.93
915.0,21.79,21.06,22.52
920.0,22.14,21.51,22.78
925.0,22.03,21.34,22.72
930.0,21.89,21.11,22.66
935.0,21.39,20.74,22.03
940.0,22.03,21.31,22.75
945.0,22.58,21.88,23.27
950.0,22.07,21.50,22.65
955.0,21.62,20.94,22.30
960.0,21.66,20.86,22.45
965.0,21.99,21.31,22.67
970.0,22.16,21.46,22.86
975.0,22.27,21.56,22.98
980.0,22.42,21.71,23.14
985.0,22.10,21.43,22.77
990.0,21.90,21.19,22.62
995.0,21.66,20.88,22.45
1000.0,21.43,20.81,22.06
1005.0,21.67,21.02,22.32
1010.0,22.24,21.56,22.92
1015.0,22.29,21.69,22.90
1020.0,22.61,21.93,23.28
1025.0,22.26,21.54,22.98
1030.0,22.33,21.70,22.97
1035.0,22.79,22.16,23.42
1040.0,21.95,21.32,22.57
1045.0,22.60,21.85,23.36
1050.0,22.10,21.49,22.71
1055.0,21.82,21.04,22.60
1060.0,21.81,21.08,22.54
1065.0,22.53,21.79,23.27
1070.0,22.39,21.77,23.02
1075.0,22.22,21.50,22.94
1080.0,21.84,21.09,22.59
1085.0,21.77,21.07,22.47
1090.0,21.68,20.92,22.44
1095.0,21.86,21.09,22.63
1100.0,22.21,21.49,22.92
1105.0,21.65,21.02,22.27
1110.0,21.43,20.85,22.01
1115.0,22.19,21.52,22.85
1120.0,22.11,21.45,22.77
1125.0,21.44,20.76,22.11
1130.0,21.88,21.27,22.50
1135.0,21.65,20.93,22.38
1140.0,21.72,20.98,22.45
1145.0,21.92,21.24,22.60
1150.0,21.87,21.26,22.48
1155.0,22.00,21.34,22.66
1160.0,22.71,22.07,23.35
1165.0,21.93,21.32,22.55
1170.0,21.75,21.10,22.40
1175.0,22.00,21.22,22.78
1180.0,22.43,21.73,23.13
1185.0,22.29,21.59,23.00
1190.0,21.49,20.76,22.22
1195.0,21.87,21.24,22.50
1200.0,22.27,21.60,22.95
1205.0,22.28,21.56,23.00
1210.0,21.43,20.69,22.16
1215.0,21.83,21.18,22.48
1220.0,22.22,21.55,22.90
1225.0,21.96,21.26,22.65
1230.0,21.60,20.98,22.22
1235.0,21.13,20.46,21.80
1240.0,21.47,20.85,22.08
1245.0,21.43,20.74,22.12
1250.0,22.24,21.56,22.93
1255.0,22.17,21.50,22.84
1260.0,21.84,21.19,22.50
1265.0,21.60,21.00,22.20
1270.0,22.08,21.46,22.70
1275.0,21.43,20.73,22.13
1280.0,22.32,21.68,22.96
1285.0,22.03,21.28,22.78
1290.0,21.33,20.79,21.88
1295.0,21.09,20.42,21.75
1300.0,21.92,21.20,22.64
1305.0,21.55,20.86,22.24
1310.0,21.23,20.60,21.86
1315.0,21.71,20.98,22.43
1320.0,22.62,21.86,23.38
1325.0,22.10,21.40,22.80
1330.0,22.60,21.94,23.26
1335.0,21.78,21.17,22.40
1340.0,21.21,20.46,21.97
1345.0,22.18,21.51,22.85
1350.0,21.21,20.47,21.96
1355.0,21.60,20.93,22.26
1360.0,21.16,20.49,21.83
1365.0,21.10,20.49,21.71
1370.0,21.27,20.50,22.04
1375.0,21.81,21.18,22.44
1380.0,21.50,20.86,22.14
1385.0,22.49,21.85,23.14
1390.0,21.54,20.99,22.10
1395.0,21.50,20.82,22.17
1400.0,21.50,20.85,22.16
1405.0,21.96,21.28,22.63
1410.0,22.23,21.54,22.91
1415.0,22.23,21.55,22.91
1420.0,21.45,20.78,22.12
1425.0,22.70,21.95,23.44
1430.0,21.80,21.16,22.44
1435.0,22.06,21.34,22.77
1440.0,21.86,21.15,22.57
1445.0,21.97,21.28,22.67
1450.0,22.11,21.46,22.76
1455.0,21.51,20.88,22.15
1460.0,21.51,20.73,22.29
1465.0,22.09,21.42,22.76
1470.0,22.22,21.57,22.86
1475.0,21.92,21.33,22.51
1480.0,21.76,21.05,22.48
1485.0,21.40,20.77,22.03
1490.0,21.28,20.65,21.91
1495.0,21.66,20.89,22.44
1500.0,21.24,20.51,21.97
