trial,mean,ci_down,ci_up
0.0,101.81,100.62,103.01
5.0,100.77,99.46,102.08
10.0,99.11,97.83,100.38
15.0,97.47,96.18,98.75
20.0,96.67,95.31,98.03
25.0,95.26,93.99,96.53
30.0,94.99,93.69,96.29
35.0,94.43,93.11,95.75
40.0,94.30,93.04,95.57
45.0,92.97,91.77,94.18
50.0,92.64,91.45,93.84
55.0,92.43,91.09,93.76
60.0,91.76,90.64,92.88
65.0,92.05,90.60,93.49
70.0,90.47,89.14,91.81
75.0,89.75,88.36,91.14
80.0,90.02,88.71,91.33
85.0,89.44,88.09,90.78
90.0,89.12,87.80,90.45
95.0,89.01,87.66,90.36
100.0,88.88,87.58,90.19
105.0,88.33,86.97,89.68
110.0,88.69,87.34,90.04
115.0,88.81,87.36,90.27
120.0,87.30,85.95,88.64
125.0,87.30,86.01,88.59
130.0,87.53,86.10,88.97
135.0,86.70,85.31,88.08
140.0,86.71,85.35,88.07
145.0,85.97,84.62,87.32
150.0,86.24,84.80,87.68
155.0,86.51,85.13,87.89
160.0,86.17,84.94,87.41
165.0,85.61,84.11,87.11
170.0,85.45,84.15,86.76
175.0,85.81,84.53,87.08
180.0,85.03,83.68,86.38
185.0,85.60,84.23,86.98
190.0,85.10,83.74,86.45
195.0,85.12,83.80,86.44
200.0,84.39,83.12,85.66
205.0,84.99,83.56,86.43
210.0,84.24,82.69,85.78
215.0,84.45,83.21,85.68
220.0,84.18,82.84,85.53
225.0,84.15,82.70,85.60
230.0,83.01,81.62,84.40
235.0,83.65,82.24,85.06
240.0,84.55,83.02,86.08
245.0,83.49,82.16,84.83
250.0,83.54,82.17,84.91
255.0,83.11,81.68,84.53
260.0,83.47,82.17,84.78
265.0,83.99,82.68,85.30
270.0,83.47,82.04,84.91
275.0,83.93,82.53,85.33
280.0,83.20,81.91,84.49
285.0,83.78,82.36,85.21
290.0,83.56,82.21,84.92
295.0,83.59,82.27,84.90
300.0,83.36,82.00,84.73
305.0,83.70,82.25,85.15
310.0,83.58,82.22,84.94
315.0,82.84,81.64,84.04
320.0,82.88,81.51,84.25
325.0,82.87,81.49,84.26
330.0,83.11,81.69,84.52
335.0,83.45,82.01,84.89
340.0,83.20,81.75,84.65
345.0,82.92,81.59,84.25
350.0,83.00,81.60,84.40
355.0,83.49,82.01,84.97
360.0,81.87,80.36,83.38
365.0,82.67,81.32,84.01
370.0,82.54,81.13,83.94
375.0,82.16,80.72,83.60
380.0,82.76,81.35,84.17
385.0,83.03,81.69,84.37
390.0,82.53,81.14,83.92
395.0,83.16,81.79,84.52
400.0,82.88,81.47,84.28
405.0,82.45,81.07,83.83
410.0,82.24,80.68,83.80
415.0,82.14,80.72,83.56
420.0,81.95,80.58,83.32
425.0,82.85,81.49,84.20
430.0,81.01,79.66,82.37
435.0,82.23,80.79,83.66
440.0,82.04,80.54,83.53
445.0,82.25,80.85,83.65
450.0,82.03,80.62,83.45
455.0,82.36,80.92,83.80
460.0,82.47,81.03,83.90
465.0,81.76,80.32,83.20
470.0,82.08,80.70,83.46
475.0,81.32,79.83,82.80
480.0,81.11,79.78,82.44
485.0,80.78,79.51,82.05
490.0,81.32,80.06,82.57
495.0,81.28,79.81,82.75
500.0,81.48,80.04,82.91
505.0,81.01,79.62,82.41
510.0,81.19,79.84,82.54
515.0,81.36,80.00,82.71
520.0,81.28,79.88,82.68
525.0,81.77,80.41,83.13
530.0,81.35,79.97,82.73
535.0,81.71,80.22,83.20
540.0,80.71,79.46,81.96
545.0,80.80,79.36,82.24
550.0,81.19,79.84,82.53
555.0,79.87,78.53,81.22
560.0,79.81,78.38,81.25
565.0,80.60,79.18,82.03
570.0,80.36,78.99,81.72
575.0,79.69,78.39,81.00
580.0,80.54,79.17,81.91
585.0,80.39,78.94,81.84
590.0,80.74,79.40,82.09
595.0,80.37,79.04,81.69
600.0,80.88,79.47,82.29
605.0,80.18,78.78,81.59
610.0,80.06,78.64,81.48
615.0,79.99,78.51,81.47
620.0,80.56,79.08,82.04
625.0,79.99,78.61,81.36
630.0,79.28,77.92,80.64
635.0,79.61,78.25,80.97
640.0,78.90,77.56,80.23
645.0,78.89,77.54,80.25
650.0,79.03,77.75,80.31
655.0,79.50,78.20,80.81
660.0,78.78,77.40,80.16
665.0,79.11,77.69,80.53
670.0,78.87,77.37,80.37
675.0,78.86,77.47,80.25
680.0,79.59,78.24,80.93
685.0,78.99,77.67,80.31
690.0,79.51,78.16,80.86
695.0,78.59,77.14,80.05
700.0,78.43,77.16,79.69
705.0,78.94,77.62,80.26
710.0,79.11,77.72,80.49
715.0,78.52,77.28,79.76
720.0,77.77,76.48,79.07
725.0,77.90,76.56,79.23
730.0,78.95,77.56,80.34
735.0,79.04,77.63,80.44
740.0,77.93,76.60,79.26
745.0,78.28,76.98,79.58
750.0,77.21,75.96,78.47
755.0,78.00,76.67,79.32
760.0,77.89,76.54,79.23
765.0,78.08,76.79,79.37
770.0,77.18,75.98,78.39
775.0,77.84,76.55,79.13
780.0,77.73,76.46,79.00
785.0,78.39,77.01,79.76
790.0,78.50,77.16,79.85
795.0,77.94,76.55,79.34
800.0,78.06,76.68,79.43
805.0,77.64,76.35,78.93
810.0,78.05,76.75,79.35
815.0,77.80,76.57,79.04
820.0,77.58,76.15,79.01
825.0,77.28,76.01,78.56
830.0,76.62,75.38,77.87
835.0,77.13,75.81,78.45
840.0,77.63,76.32,78.94
845.0,77.45,76.12,78.78
850.0,77.79,76.47,79.12
855.0,78.21,76.82,79.60
860.0,77.63,76.34,78.93
865.0,77.18,75.78,78.58
870.0,76.77,75.38,78.15
875.0,76.97,75.62,78.32
880.0,77.05,75.86,78.23
885.0,76.44,75.24,77.65
890.0,77.62,76.25,78.98
895.0,76.93,75.53,78.33
900.0,77.59,76.22,78.96
905.0,76.24,74.98,77.51
910.0,76.63,75.33,77.93
915.0,76.78,75.42,78.13
920.0,76.22,74.93,77.51
925.0,76.36,75.13,77.59
930.0,76.51,75.22,77.81
935.0,76.74,75.46,78.03
940.0,76.95,75.68,78.23
945.0,76.46,75.15,77.76
950.0,76.75,75.46,78.03
955.0,76.44,75.10,77.78
960.0,76.09,74.83,77.35
965.0,76.75,75.51,78.00
970.0,76.41,75.15,77.68
975.0,76.35,75.18,77.51
980.0,76.14,74.83,77.44
985.0,76.13,74.92,77.34
990.0,76.07,74.77,77.36
995.0,75.89,74.50,77.27
1000.0,75.93,74.57,77.30
1005.0,76.53,75.30,77.76
1010.0,75.52,74.37,76.68
1015.0,76.26,75.02,77.50
1020.0,76.04,74.62,77.46
1025.0,75.52,74.18,76.86
1030.0,75.92,74.67,77.16
1035.0,75.56,74.37,76.75
1040.0,74.77,73.45,76.08
1045.0,75.44,74.21,76.67
1050.0,75.85,74.45,77.25
1055.0,75.53,74.29,76.77
1060.0,75.62,74.41,76.83
1065.0,75.58,74.36,76.79
1070.0,76.19,74.99,77.39
1075.0,76.40,75.01,77.80
1080.0,75.87,74.53,77.22
1085.0,75.72,74.40,77.04
1090.0,75.96,74.56,77.36
1095.0,75.65,74.36,76.93
1100.0,76.26,74.95,77.58
1105.0,75.27,74.08,76.45
1110.0,75.97,74.68,77.27
1115.0,75.70,74.37,77.04
1120.0,75.55,74.32,76.79
1125.0,74.91,73.62,76.21
1130.0,74.70,73.47,75.93
1135.0,75.69,74.35,77.03
1140.0,75.33,74.00,76.66
1145.0,74.77,73.48,76.06
1150.0,74.91,73.66,76.16
1155.0,74.95,73.67,76.24
1160.0,73.87,72.79,74.96
1165.0,74.40,73.14,75.65
1170.0,74.27,73.04,75.50
1175.0,75.13,73.84,76.42
1180.0,74.73,73.51,75.96
1185.0,75.16,73.86,76.47
1190.0,75.03,73.79,76.27
1195.0,75.13,73.82,76.45
1200.0,74.63,73.39,75.87
1205.0,74.40,73.05,75.76
1210.0,74.68,73.35,76.01
1215.0,74.50,73.25,75.75
1220.0,74.84,73.47,76.22
1225.0,75.06,73.81,76.30
1230.0,75.06,73.83,76.28
1235.0,74.54,73.18,75.91
1240.0,74.60,73.30,75.90
1245.0,74.67,73.43,75.91
1250.0,74.37,73.09,75.65
1255.0,73.00,71.73,74.26
1260.0,74.52,73.34,75.71
1265.0,74.34,73.07,75.62
1270.0,73.69,72.49,74.90
1275.0,73.85,72.51,75.18
1280.0,73.83,72.51,75.14
1285.0,73.60,72.44,74.76
1290.0,73.67,72.49,74.85
1295.0,73.58,72.38,74.78
1300.0,73.37,72.29,74.46
1305.0,73.89,72.68,75.10
1310.0,73.86,72.67,75.04
1315.0,74.08,72.79,75.38
1320.0,74.32,73.09,75.56
1325.0,74.57,73.37,75.77
1330.0,73.46,72.22,74.70
1335.0,73.60,72.37,74.83
1340.0,73.21,71.91,74.50
1345.0,73.69,72.48,74.91
1350.0,73.25,72.03,74.47
1355.0,73.29,72.05,74.53
1360.0,73.04,71.91,74.18
1365.0,72.41,71.21,73.61
1370.0,73.33,72.11,74.54
1375.0,74.05,72.83,75.27
1380.0,74.32,73.04,75.60
1385.0,73.41,72.11,74.71
1390.0,73.71,72.48,74.93
1395.0,73.27,72.00,74.53
1400.0,73.39,72.20,74.58
1405.0,73.44,72.12,74.75
1410.0,73.36,72.20,74.52
1415.0,73.08,71.85,74.32
1420.0,73.12,71.84,74.41
1425.0,73.06,71.78,74.35
1430.0,72.75,71.49,74.00
1435.0,72.92,71.70,74.14
1440.0,73.08,71.83,74.34
1445.0,73.31,72.09,74.53
1450.0,73.73,72.61,74.84
1455.0,73.35,72.07,74.63
1460.0,73.62,72.33,74.92
1465.0,72.21,71.01,73.41
1470.0,72.82,71.65,73.99
1475.0,72.62,71.52,73.71
1480.0,73.53,72.27,74.80
1485.0,72.93,71.64,74.23
1490.0,73.52,72.23,74.81
1495.0,73.81,72.48,75.15
1500.0,72.37,71.09,73.64
