trial,mean,ci_down,ci_up
0.0,0.00,0.00,0.00
5.0,168.44,164.09,172.79
10.0,318.15,312.76,323.55
15.0,444.01,438.18,449.85
20.0,554.95,548.71,561.19
25.0,657.78,651.04,664.52
30.0,753.58,746.44,760.71
35.0,842.51,834.93,850.10
40.0,929.15,921.21,937.09
45.0,1013.26,1004.89,1021.63
50.0,1094.63,1085.91,1103.36
55.0,1174.83,1165.61,1184.05
60.0,1251.58,1242.04,1261.13
65.0,1328.02,1318.15,1337.88
70.0,1401.30,1391.05,1411.54
75.0,1475.79,1465.27,1486.30
80.0,1550.60,1539.76,1561.44
85.0,1622.42,1611.29,1633.55
90.0,1692.28,1680.79,1703.77
95.0,1763.06,1751.28,1774.84
100.0,1833.65,1821.62,1845.68
105.0,1903.75,1891.33,1916.16
110.0,1971.97,1959.17,1984.77
115.0,2041.61,2028.59,2054.63
120.0,2110.12,2096.96,2123.29
125.0,2178.33,2164.95,2191.72
130.0,2248.15,2234.36,2261.94
135.0,2317.05,2303.00,2331.10
140.0,2385.20,2370.93,2399.48
145.0,2452.47,2437.90,2467.04
150.0,2518.69,2503.80,2533.58
155.0,2585.05,2569.78,2600.33
160.0,2649.55,2634.01,2665.08
165.0,2717.90,2702.16,2733.64
170.0,2783.46,2767.42,2799.51
175.0,2849.17,2832.92,2865.41
180.0,2914.49,2897.99,2930.99
185.0,2980.62,2963.74,2997.50
190.0,3045.25,3028.10,3062.40
195.0,3110.72,3093.34,3128.10
200.0,3174.73,3157.21,3192.26
205.0,3240.47,3222.61,3258.33
210.0,3304.86,3286.84,3322.87
215.0,3366.27,3347.93,3384.61
220.0,3428.39,3409.70,3447.08
225.0,3491.27,3472.24,3510.29
230.0,3553.68,3534.46,3572.90
235.0,3618.16,3598.65,3637.67
240.0,3678.29,3658.42,3698.16
245.0,3740.82,3720.75,3760.90
250.0,3802.50,3782.14,3822.85
255.0,3862.67,3842.02,3883.32
260.0,3924.19,3903.26,3945.12
265.0,3984.83,3963.67,4005.99
270.0,4045.54,4024.17,4066.91
275.0,4107.41,4085.85,4128.98
280.0,4167.65,4145.84,4189.45
285.0,4229.81,4207.65,4251.96
290.0,4289.89,4267.52,4312.27
295.0,4351.78,4329.15,4374.41
300.0,4411.02,4388.14,4433.89
305.0,4469.89,4446.88,4492.90
310.0,4528.83,4505.64,4552.02
315.0,4587.06,4563.69,4610.43
320.0,4644.04,4620.27,4667.80
325.0,4700.34,4676.34,4724.34
330.0,4757.72,4733.51,4781.94
335.0,4814.12,4789.74,4838.50
340.0,4871.50,4846.92,4896.08
345.0,4928.96,4904.24,4953.68
350.0,4986.42,4961.55,5011.29
355.0,5042.23,5017.19,5067.26
360.0,5100.08,5074.93,5125.24
365.0,5156.63,5131.17,5182.09
370.0,5213.70,5188.06,5239.34
375.0,5267.32,5241.46,5293.17
380.0,5321.85,5295.70,5348.00
385.0,5377.24,5350.93,5403.54
390.0,5433.31,5406.77,5459.85
395.0,5487.48,5460.80,5514.16
400.0,5541.69,5514.87,5568.51
405.0,5595.62,5568.59,5622.66
410.0,5651.22,5623.97,5678.48
415.0,5705.66,5678.28,5733.03
420.0,5759.97,5732.48,5787.47
425.0,5812.88,5785.28,5840.49
430.0,5869.63,5841.78,5897.48
435.0,5923.08,5895.04,5951.12
440.0,5974.84,5946.60,6003.08
445.0,6029.20,6000.87,6057.53
450.0,6082.97,6054.45,6111.48
455.0,6135.43,6106.78,6164.09
460.0,6186.94,6157.98,6215.89
465.0,6239.76,6210.67,6268.85
470.0,6293.28,6264.01,6322.54
475.0,6345.67,6316.24,6375.10
480.0,6397.90,6368.42,6427.38
485.0,6447.61,6417.97,6477.25
490.0,6499.40,6469.67,6529.13
495.0,6550.85,6521.00,6580.70
500.0,6602.51,6572.51,6632.51
505.0,6652.88,6622.62,6683.13
510.0,6703.30,6672.90,6733.70
515.0,6754.90,6724.38,6785.42
520.0,6805.34,6774.67,6836.02
525.0,6855.89,6825.05,6886.74
530.0,6908.08,6877.04,6939.11
535.0,6958.17,6926.97,6989.37
540.0,7008.06,6976.59,7039.52
545.0,7056.58,7024.96,7088.19
550.0,7105.48,7073.69,7137.27
555.0,7154.44,7122.53,7186.35
560.0,7202.69,7170.69,7234.70
565.0,7250.03,7217.95,7282.12
570.0,7298.32,7266.13,7330.50
575.0,7348.30,7315.87,7380.72
580.0,7397.32,7364.80,7429.83
585.0,7446.09,7413.49,7478.69
590.0,7493.59,7460.86,7526.33
595.0,7541.05,7508.18,7573.91
600.0,7588.27,7555.29,7621.26
605.0,7634.26,7601.12,7667.39
610.0,7681.66,7648.42,7714.91
615.0,7730.29,7696.86,7763.72
620.0,7778.14,7744.54,7811.74
625.0,7826.07,7792.36,7859.77
630.0,7873.95,7840.20,7907.69
635.0,7920.67,7886.86,7954.47
640.0,7967.60,7933.69,8001.51
645.0,8013.29,7979.26,8047.32
650.0,8059.09,8024.99,8093.18
655.0,8104.71,8070.53,8138.89
660.0,8151.13,8116.95,8185.30
665.0,8198.30,8164.11,8232.50
670.0,8243.79,8209.46,8278.12
675.0,8288.50,8254.10,8322.89
680.0,8333.22,8298.70,8367.75
685.0,8378.94,8344.24,8413.64
690.0,8423.94,8389.14,8458.75
695.0,8467.69,8432.78,8502.59
700.0,8512.49,8477.53,8547.45
705.0,8556.33,8521.14,8591.51
710.0,8602.02,8566.72,8637.32
715.0,8647.04,8611.66,8682.42
720.0,8690.54,8655.10,8725.97
725.0,8733.93,8698.36,8769.51
730.0,8777.22,8741.63,8812.81
735.0,8820.00,8784.31,8855.68
740.0,8862.33,8826.49,8898.16
745.0,8905.44,8869.56,8941.32
750.0,8947.82,8911.87,8983.78
755.0,8991.07,8955.04,9027.11
760.0,9033.32,8997.22,9069.43
765.0,9075.71,9039.56,9111.86
770.0,9118.26,9081.99,9154.52
775.0,9159.76,9123.42,9196.10
780.0,9203.23,9166.77,9239.69
785.0,9246.28,9209.77,9282.79
790.0,9286.40,9249.80,9322.99
795.0,9326.51,9289.84,9363.18
800.0,9369.25,9332.48,9406.01
805.0,9411.25,9374.41,9448.09
810.0,9453.42,9416.41,9490.42
815.0,9495.75,9458.61,9532.89
820.0,9537.39,9500.20,9574.58
825.0,9578.68,9541.46,9615.89
830.0,9619.03,9581.69,9656.37
835.0,9659.33,9621.93,9696.73
840.0,9698.69,9661.24,9736.14
845.0,9739.21,9701.71,9776.71
850.0,9780.12,9742.56,9817.68
855.0,9820.34,9782.74,9857.93
860.0,9860.35,9822.70,9897.99
865.0,9900.77,9863.06,9938.48
870.0,9942.50,9904.66,9980.34
875.0,9981.46,9943.55,10019.37
880.0,10021.19,9983.17,10059.21
885.0,10060.49,10022.48,10098.51
890.0,10099.31,10061.25,10137.37
895.0,10138.77,10100.71,10176.82
900.0,10177.55,10139.42,10215.69
905.0,10217.54,10179.32,10255.76
910.0,10256.58,10218.30,10294.87
915.0,10296.21,10257.89,10334.52
920.0,10334.97,10296.58,10373.36
925.0,10374.18,10335.79,10412.56
930.0,10413.96,10375.55,10452.37
935.0,10452.36,10413.88,10490.83
940.0,10490.27,10451.81,10528.73
945.0,10527.35,10488.93,10565.76
950.0,10565.90,10527.47,10604.32
955.0,10604.42,10565.93,10642.90
960.0,10642.75,10604.19,10681.30
965.0,10678.83,10640.27,10717.39
970.0,10716.51,10677.84,10755.19
975.0,10753.44,10714.67,10792.20
980.0,10790.51,10751.64,10829.38
985.0,10826.89,10787.94,10865.84
990.0,10863.54,10824.58,10902.49
995.0,10899.32,10860.34,10938.31
1000.0,10937.09,10898.00,10976.18
1005.0,10974.79,10935.70,11013.87
1010.0,11011.87,10972.79,11050.96
1015.0,11047.17,11008.05,11086.29
1020.0,11084.16,11045.05,11123.28
1025.0,11121.08,11081.88,11160.28
1030.0,11158.05,11118.77,11197.33
1035.0,11194.31,11155.00,11233.62
1040.0,11230.01,11190.63,11269.40
1045.0,11266.24,11226.78,11305.71
1050.0,11303.47,11264.03,11342.92
1055.0,11339.50,11300.02,11378.99
1060.0,11375.70,11336.17,11415.23
1065.0,11412.12,11372.65,11451.59
1070.0,11446.40,11406.91,11485.90
1075.0,11482.65,11443.24,11522.07
1080.0,11518.60,11479.19,11558.01
1085.0,11554.35,11514.91,11593.80
1090.0,11589.28,11549.68,11628.87
1095.0,11624.36,11584.70,11664.02
1100.0,11659.44,11619.67,11699.20
1105.0,11694.96,11655.17,11734.74
1110.0,11729.04,11689.16,11768.92
1115.0,11763.30,11723.43,11803.17
1120.0,11798.51,11758.53,11838.49
1125.0,11832.23,11792.20,11872.25
1130.0,11867.81,11827.71,11907.90
1135.0,11901.62,11861.52,11941.72
1140.0,11936.14,11896.08,11976.20
1145.0,11971.47,11931.34,12011.61
1150.0,12006.68,11966.62,12046.73
1155.0,12041.21,12001.14,12081.27
1160.0,12075.98,12035.92,12116.05
1165.0,12110.20,12070.14,12150.26
1170.0,12143.12,12103.00,12183.24
1175.0,12178.13,12137.98,12218.27
1180.0,12211.19,12171.01,12251.38
1185.0,12244.94,12204.74,12285.15
1190.0,12279.49,12239.22,12319.76
1195.0,12313.22,12272.95,12353.50
1200.0,12345.74,12305.44,12386.04
1205.0,12379.09,12338.76,12419.42
1210.0,12412.50,12372.14,12452.85
1215.0,12445.62,12405.22,12486.03
1220.0,12479.38,12438.91,12519.85
1225.0,12511.95,12471.48,12552.41
1230.0,12544.74,12504.21,12585.26
1235.0,12578.37,12537.80,12618.95
1240.0,12610.29,12569.73,12650.86
1245.0,12643.01,12602.44,12683.58
1250.0,12675.30,12634.67,12715.93
1255.0,12708.82,12668.17,12749.46
1260.0,12741.69,12701.04,12782.34
1265.0,12775.10,12734.42,12815.79
1270.0,12806.38,12765.68,12847.07
1275.0,12837.53,12796.83,12878.23
1280.0,12870.29,12829.49,12911.08
1285.0,12902.92,12862.09,12943.75
1290.0,12934.44,12893.60,12975.29
1295.0,12966.19,12925.32,13007.06
1300.0,12998.78,12957.85,13039.71
1305.0,13031.24,12990.20,13072.29
1310.0,13062.41,13021.35,13103.48
1315.0,13094.75,13053.64,13135.85
1320.0,13125.54,13084.40,13166.68
1325.0,13157.22,13116.03,13198.41
1330.0,13187.77,13146.53,13229.00
1335.0,13219.56,13178.29,13260.83
1340.0,13250.56,13209.29,13291.83
1345.0,13281.28,13240.05,13322.51
1350.0,13312.41,13271.13,13353.69
1355.0,13343.98,13302.64,13385.32
1360.0,13373.99,13332.68,13415.29
1365.0,13405.24,13363.90,13446.57
1370.0,13436.29,13394.87,13477.71
1375.0,13466.57,13425.13,13508.01
1380.0,13496.42,13454.96,13537.89
1385.0,13526.92,13485.44,13568.39
1390.0,13558.13,13516.67,13599.59
1395.0,13587.10,13545.62,13628.58
1400.0,13617.57,13576.04,13659.11
1405.0,13647.44,13605.87,13689.02
1410.0,13677.96,13636.26,13719.66
1415.0,13707.48,13665.75,13749.22
1420.0,13738.76,13697.04,13780.48
1425.0,13768.97,13727.22,13810.72
1430.0,13798.62,13756.83,13840.42
1435.0,13828.85,13787.10,13870.61
1440.0,13859.65,13817.91,13901.40
1445.0,13889.16,13847.40,13930.91
1450.0,13919.45,13877.62,13961.28
1455.0,13949.08,13907.13,13991.03
1460.0,13978.61,13936.61,14020.60
1465.0,14008.31,13966.31,14050.32
1470.0,14037.05,13995.02,14079.08
1475.0,14067.01,14024.96,14109.06
1480.0,14096.53,14054.46,14138.60
1485.0,14126.60,14084.53,14168.66
1490.0,14156.14,14114.05,14198.24
1495.0,14185.08,14142.96,14227.20
1500.0,14214.89,14172.73,14257.05
