trial,mean,ci_down,ci_up
0.0,26.14,25.88,26.39
5.0,24.86,24.62,25.10
10.0,24.57,24.32,24.82
15.0,23.82,23.57,24.06
20.0,23.53,23.28,23.78
25.0,23.36,23.11,23.62
30.0,23.39,23.15,23.64
35.0,23.48,23.22,23.73
40.0,22.92,22.66,23.18
45.0,22.92,22.68,23.17
50.0,22.73,22.47,22.99
55.0,22.41,22.15,22.67
60.0,22.44,22.18,22.71
65.0,22.31,22.04,22.58
70.0,22.15,21.89,22.41
75.0,21.92,21.66,22.19
80.0,22.04,21.77,22.30
85.0,21.86,21.59,22.13
90.0,21.50,21.23,21.78
95.0,21.61,21.34,21.87
100.0,21.61,21.34,21.88
105.0,21.63,21.38,21.89
110.0,21.72,21.44,22.00
115.0,21.32,21.05,21.58
120.0,21.37,21.11,21.64
125.0,20.86,20.60,21.12
130.0,20.92,20.66,21.18
135.0,21.03,20.75,21.30
140.0,20.73,20.48,20.98
145.0,20.64,20.39,20.88
150.0,20.93,20.67,21.20
155.0,20.80,20.54,21.06
160.0,20.65,20.40,20.89
165.0,20.34,20.08,20.61
170.0,20.38,20.12,20.64
175.0,20.50,20.25,20.75
180.0,20.56,20.31,20.81
185.0,20.52,20.27,20.78
190.0,20.39,20.14,20.65
195.0,19.95,19.70,20.20
200.0,20.40,20.15,20.66
205.0,20.04,19.79,20.29
210.0,19.92,19.67,20.18
215.0,19.74,19.49,19.99
220.0,19.97,19.73,20.22
225.0,19.99,19.75,20.23
230.0,19.94,19.69,20.19
235.0,19.76,19.51,20.01
240.0,19.92,19.66,20.17
245.0,19.78,19.52,20.03
250.0,19.72,19.46,19.98
255.0,19.64,19.40,19.88
260.0,19.53,19.29,19.77
265.0,19.35,19.11,19.60
270.0,19.68,19.44,19.92
275.0,19.39,19.14,19.65
280.0,19.47,19.23,19.71
285.0,19.13,18.90,19.36
290.0,19.06,18.83,19.29
295.0,19.07,18.83,19.31
300.0,19.11,18.86,19.35
305.0,18.98,18.75,19.21
310.0,18.88,18.64,19.11
315.0,18.68,18.46,18.90
320.0,18.83,18.60,19.05
325.0,18.92,18.67,19.17
330.0,18.73,18.49,18.97
335.0,18.84,18.60,19.08
340.0,18.79,18.55,19.02
345.0,18.55,18.32,18.79
350.0,18.63,18.39,18.87
355.0,18.50,18.27,18.73
360.0,18.64,18.40,18.88
365.0,18.70,18.46,18.94
370.0,18.46,18.23,18.69
375.0,18.39,18.16,18.62
380.0,18.48,18.25,18.71
385.0,18.47,18.23,18.71
390.0,18.33,18.10,18.55
395.0,18.33,18.10,18.56
400.0,18.35,18.11,18.59
405.0,18.41,18.17,18.66
410.0,18.25,18.02,18.47
415.0,17.99,17.77,18.22
420.0,18.15,17.91,18.38
425.0,18.12,17.90,18.34
430.0,18.21,17.98,18.44
435.0,18.14,17.90,18.38
440.0,17.92,17.69,18.15
445.0,18.00,17.77,18.22
450.0,17.94,17.71,18.18
455.0,17.98,17.76,18.20
460.0,17.67,17.45,17.89
465.0,17.73,17.52,17.95
470.0,17.87,17.65,18.08
475.0,17.73,17.51,17.96
480.0,17.80,17.58,18.03
485.0,17.66,17.43,17.88
490.0,17.57,17.35,17.80
495.0,17.84,17.60,18.08
500.0,17.61,17.39,17.82
505.0,17.80,17.59,18.01
510.0,17.60,17.38,17.82
515.0,17.56,17.33,17.78
520.0,17.37,17.16,17.58
525.0,17.52,17.31,17.73
530.0,17.72,17.50,17.94
535.0,17.36,17.13,17.58
540.0,17.34,17.13,17.56
545.0,17.46,17.23,17.69
550.0,17.11,16.89,17.33
555.0,17.18,16.97,17.39
560.0,17.01,16.79,17.23
565.0,17.30,17.08,17.52
570.0,17.27,17.05,17.49
575.0,17.33,17.11,17.56
580.0,17.12,16.90,17.33
585.0,17.03,16.82,17.25
590.0,17.18,16.97,17.39
595.0,16.95,16.74,17.16
600.0,16.93,16.72,17.14
605.0,16.85,16.64,17.06
610.0,16.86,16.65,17.08
615.0,16.93,16.72,17.14
620.0,16.88,16.67,17.09
625.0,16.89,16.68,17.10
630.0,16.88,16.67,17.08
635.0,16.85,16.65,17.06
640.0,16.78,16.57,17.00
645.0,16.67,16.47,16.88
650.0,16.85,16.64,17.05
655.0,16.65,16.45,16.86
660.0,16.83,16.62,17.04
665.0,16.62,16.41,16.83
670.0,16.66,16.46,16.87
675.0,16.75,16.54,16.96
680.0,16.67,16.45,16.88
685.0,16.78,16.57,16.99
690.0,16.87,16.66,17.08
695.0,16.65,16.43,16.86
700.0,16.80,16.58,17.02
705.0,16.46,16.25,16.67
710.0,16.44,16.24,16.64
715.0,16.51,16.30,16.71
720.0,16.30,16.10,16.49
725.0,16.33,16.12,16.53
730.0,16.22,16.02,16.42
735.0,16.42,16.21,16.62
740.0,16.35,16.15,16.55
745.0,16.46,16.26,16.67
750.0,16.25,16.04,16.45
755.0,16.38,16.18,16.59
760.0,16.23,16.03,16.44
765.0,16.08,15.89,16.28
770.0,16.36,16.14,16.57
775.0,16.35,16.16,16.55
780.0,16.37,16.17,16.57
785.0,16.24,16.04,16.44
790.0,16.37,16.16,16.57
795.0,16.25,16.04,16.45
800.0,16.02,15.83,16.22
805.0,15.94,15.75,16.13
810.0,15.92,15.73,16.11
815.0,16.20,15.99,16.41
820.0,16.13,15.94,16.33
825.0,16.11,15.91,16.30
830.0,16.12,15.90,16.33
835.0,16.17,15.97,16.36
840.0,16.07,15.87,16.28
845.0,16.05,15.85,16.24
850.0,15.98,15.79,16.18
855.0,15.95,15.75,16.15
860.0,15.92,15.72,16.12
865.0,15.99,15.80,16.19
870.0,16.19,16.00,16.39
875.0,16.13,15.93,16.32
880.0,15.87,15.67,16.06
885.0,15.88,15.68,16.08
890.0,16.11,15.91,16.32
895.0,15.94,15.74,16.14
900.0,16.01,15.81,16.21
905.0,16.04,15.85,16.23
910.0,15.73,15.53,15.92
915.0,15.85,15.65,16.05
920.0,15.94,15.74,16.14
925.0,16.00,15.80,16.20
930.0,16.00,15.80,16.20
935.0,15.87,15.67,16.06
940.0,16.02,15.82,16.23
945.0,15.82,15.62,16.01
950.0,15.75,15.55,15.95
955.0,15.93,15.73,16.12
960.0,15.81,15.61,16.01
965.0,15.81,15.62,16.01
970.0,15.81,15.62,16.01
975.0,15.94,15.74,16.13
980.0,15.90,15.70,16.09
985.0,15.88,15.68,16.08
990.0,15.67,15.48,15.86
995.0,15.65,15.46,15.85
1000.0,15.76,15.56,15.96
1005.0,15.77,15.56,15.97
1010.0,15.75,15.55,15.94
1015.0,15.60,15.41,15.80
1020.0,15.77,15.57,15.97
1025.0,15.73,15.54,15.93
1030.0,15.68,15.49,15.87
1035.0,15.70,15.51,15.89
1040.0,15.68,15.48,15.88
1045.0,15.61,15.41,15.80
1050.0,15.82,15.62,16.02
1055.0,15.78,15.59,15.97
1060.0,15.57,15.38,15.77
1065.0,15.69,15.50,15.89
1070.0,15.54,15.36,15.73
1075.0,15.62,15.43,15.81
1080.0,15.53,15.33,15.72
1085.0,15.71,15.51,15.92
1090.0,15.84,15.64,16.05
1095.0,15.61,15.42,15.81
1100.0,15.74,15.53,15.94
1105.0,15.63,15.43,15.83
1110.0,15.61,15.42,15.80
1115.0,15.66,15.47,15.85
1120.0,15.82,15.63,16.02
1125.0,15.56,15.36,15.76
1130.0,15.61,15.43,15.79
1135.0,15.48,15.29,15.67
1140.0,15.57,15.37,15.77
1145.0,15.77,15.58,15.96
1150.0,15.53,15.34,15.72
1155.0,15.45,15.26,15.65
1160.0,15.55,15.35,15.75
1165.0,15.46,15.26,15.66
1170.0,15.54,15.35,15.74
1175.0,15.53,15.34,15.72
1180.0,15.63,15.44,15.82
1185.0,15.64,15.45,15.83
1190.0,15.67,15.48,15.86
1195.0,15.52,15.32,15.73
1200.0,15.52,15.34,15.70
1205.0,15.50,15.30,15.69
1210.0,15.43,15.24,15.62
1215.0,15.45,15.25,15.64
1220.0,15.46,15.27,15.66
1225.0,15.60,15.41,15.79
1230.0,15.54,15.35,15.73
1235.0,15.46,15.27,15.65
1240.0,15.50,15.31,15.70
1245.0,15.55,15.36,15.73
1250.0,15.30,15.12,15.49
1255.0,15.49,15.30,15.69
1260.0,15.36,15.17,15.56
1265.0,15.46,15.28,15.65
1270.0,15.42,15.23,15.62
1275.0,15.43,15.24,15.62
1280.0,15.39,15.20,15.58
1285.0,15.59,15.40,15.77
1290.0,15.45,15.27,15.64
1295.0,15.25,15.07,15.44
1300.0,15.55,15.36,15.74
1305.0,15.35,15.17,15.52
1310.0,15.51,15.32,15.70
1315.0,15.40,15.21,15.60
1320.0,15.42,15.24,15.61
1325.0,15.36,15.18,15.54
1330.0,15.61,15.43,15.79
1335.0,15.25,15.07,15.43
1340.0,15.46,15.28,15.65
1345.0,15.30,15.11,15.49
1350.0,15.26,15.07,15.45
1355.0,15.32,15.13,15.51
1360.0,15.41,15.23,15.59
1365.0,15.46,15.28,15.65
1370.0,15.35,15.16,15.54
1375.0,15.20,15.01,15.39
1380.0,15.41,15.22,15.60
1385.0,15.48,15.30,15.66
1390.0,15.32,15.13,15.51
1395.0,15.43,15.24,15.62
1400.0,15.35,15.15,15.54
1405.0,15.30,15.12,15.48
1410.0,15.36,15.17,15.55
1415.0,15.22,15.05,15.40
1420.0,15.46,15.28,15.65
1425.0,15.32,15.14,15.49
1430.0,15.27,15.08,15.46
1435.0,15.33,15.14,15.52
1440.0,15.44,15.24,15.63
1445.0,15.21,15.02,15.39
1450.0,15.41,15.22,15.60
1455.0,15.25,15.06,15.44
1460.0,15.41,15.23,15.60
1465.0,15.39,15.19,15.59
1470.0,15.45,15.26,15.63
1475.0,15.23,15.04,15.42
1480.0,15.36,15.17,15.55
1485.0,15.58,15.39,15.77
1490.0,15.22,15.05,15.40
1495.0,15.35,15.16,15.53
1500.0,15.54,15.35,15.72
