trial,mean,ci_down,ci_up
0.0,34.87,34.39,35.35
5.0,32.12,31.66,32.58
10.0,30.62,30.17,31.08
15.0,29.67,29.19,30.15
20.0,29.30,28.79,29.81
25.0,28.50,27.99,29.02
30.0,28.49,27.93,29.05
35.0,27.63,27.09,28.18
40.0,27.37,26.83,27.92
45.0,27.36,26.81,27.92
50.0,26.76,26.20,27.32
55.0,26.89,26.33,27.45
60.0,26.62,26.03,27.20
65.0,26.47,25.94,27.01
70.0,25.99,25.44,26.54
75.0,25.83,25.27,26.38
80.0,25.82,25.25,26.38
85.0,25.48,24.94,26.03
90.0,25.18,24.63,25.73
95.0,24.84,24.30,25.39
100.0,24.93,24.40,25.46
105.0,24.65,24.11,25.19
110.0,24.73,24.21,25.25
115.0,24.44,23.91,24.97
120.0,24.32,23.80,24.84
125.0,24.17,23.65,24.69
130.0,23.69,23.19,24.18
135.0,23.65,23.18,24.13
140.0,23.62,23.10,24.14
145.0,23.50,23.01,24.00
150.0,23.28,22.80,23.75
155.0,23.14,22.65,23.64
160.0,23.11,22.62,23.60
165.0,22.90,22.42,23.38
170.0,23.13,22.66,23.60
175.0,22.46,21.97,22.94
180.0,22.47,22.00,22.94
185.0,22.29,21.83,22.75
190.0,22.31,21.83,22.78
195.0,22.08,21.60,22.55
200.0,22.14,21.67,22.60
205.0,22.11,21.64,22.59
210.0,21.77,21.31,22.23
215.0,21.56,21.09,22.02
220.0,21.57,21.10,22.03
225.0,21.78,21.34,22.22
230.0,21.48,21.03,21.93
235.0,21.25,20.81,21.70
240.0,21.21,20.76,21.65
245.0,21.23,20.77,21.69
250.0,20.88,20.46,21.31
255.0,20.99,20.53,21.45
260.0,20.90,20.46,21.34
265.0,20.62,20.19,21.04
270.0,20.85,20.42,21.27
275.0,20.71,20.28,21.14
280.0,20.68,20.24,21.11
285.0,20.47,20.04,20.91
290.0,20.53,20.10,20.96
295.0,20.44,20.01,20.87
300.0,20.61,20.16,21.05
305.0,20.32,19.88,20.75
310.0,20.30,19.89,20.72
315.0,20.21,19.79,20.63
320.0,20.12,19.70,20.54
325.0,20.01,19.57,20.45
330.0,20.06,19.64,20.48
335.0,20.19,19.76,20.63
340.0,19.80,19.39,20.22
345.0,19.91,19.48,20.35
350.0,19.85,19.42,20.27
355.0,19.48,19.08,19.89
360.0,19.46,19.04,19.89
365.0,19.77,19.34,20.19
370.0,19.42,19.03,19.82
375.0,19.54,19.12,19.95
380.0,19.46,19.05,19.87
385.0,19.50,19.08,19.91
390.0,19.43,19.00,19.85
395.0,19.40,19.00,19.80
400.0,19.43,19.01,19.84
405.0,19.19,18.78,19.61
410.0,19.30,18.88,19.72
415.0,19.35,18.93,19.76
420.0,19.27,18.87,19.68
425.0,19.05,18.63,19.46
430.0,19.23,18.81,19.64
435.0,19.29,18.88,19.70
440.0,19.24,18.81,19.66
445.0,19.15,18.74,19.55
450.0,19.12,18.71,19.54
455.0,19.12,18.72,19.51
460.0,19.06,18.66,19.47
465.0,19.13,18.72,19.54
470.0,19.03,18.62,19.43
475.0,19.12,18.72,19.53
480.0,19.01,18.60,19.43
485.0,19.16,18.75,19.56
490.0,18.95,18.53,19.37
495.0,18.91,18.50,19.32
500.0,18.88,18.48,19.28
505.0,18.82,18.39,19.24
510.0,19.04,18.61,19.46
515.0,18.95,18.54,19.35
520.0,18.63,18.24,19.02
525.0,18.83,18.43,19.23
530.0,18.74,18.36,19.11
535.0,18.75,18.35,19.15
540.0,18.81,18.41,19.21
545.0,18.74,18.32,19.15
550.0,18.71,18.31,19.12
555.0,18.78,18.39,19.18
560.0,18.67,18.27,19.08
565.0,18.60,18.21,19.00
570.0,18.51,18.11,18.90
575.0,18.47,18.09,18.86
580.0,18.60,18.21,18.98
585.0,18.52,18.12,18.93
590.0,18.38,17.99,18.76
595.0,18.38,17.99,18.76
600.0,18.47,18.08,18.85
605.0,18.70,18.30,19.10
610.0,18.73,18.34,19.13
615.0,18.30,17.93,18.68
620.0,18.62,18.23,19.02
625.0,18.40,18.01,18.80
630.0,18.62,18.21,19.02
635.0,18.55,18.15,18.94
640.0,18.51,18.13,18.89
645.0,18.70,18.29,19.10
650.0,18.69,18.30,19.09
655.0,18.46,18.06,18.85
660.0,18.45,18.04,18.85
665.0,18.49,18.10,18.88
670.0,18.39,17.99,18.79
675.0,18.07,17.68,18.45
680.0,18.42,18.02,18.82
685.0,18.40,18.02,18.78
690.0,18.37,17.98,18.77
695.0,18.39,17.99,18.79
700.0,18.47,18.08,18.86
705.0,18.49,18.10,18.88
710.0,18.56,18.17,18.95
715.0,18.45,18.04,18.85
720.0,18.37,17.98,18.76
725.0,18.36,17.98,18.74
730.0,18.22,17.84,18.60
735.0,18.54,18.15,18.93
740.0,18.40,18.01,18.79
745.0,18.38,18.00,18.77
750.0,18.36,17.97,18.75
755.0,18.05,17.66,18.44
760.0,18.36,17.96,18.75
765.0,18.29,17.89,18.69
770.0,18.20,17.80,18.60
775.0,18.19,17.80,18.58
780.0,18.19,17.81,18.57
785.0,18.19,17.80,18.58
790.0,18.50,18.11,18.89
795.0,18.16,17.78,18.54
800.0,18.18,17.80,18.57
805.0,18.14,17.76,18.53
810.0,18.07,17.69,18.45
815.0,18.29,17.91,18.67
820.0,18.31,17.93,18.70
825.0,18.26,17.88,18.65
830.0,18.17,17.78,18.55
835.0,18.26,17.88,18.63
840.0,18.30,17.91,18.68
845.0,18.11,17.74,18.48
850.0,18.33,17.94,18.72
855.0,18.21,17.83,18.59
860.0,18.17,17.79,18.55
865.0,18.35,17.95,18.75
870.0,18.07,17.70,18.43
875.0,18.22,17.85,18.59
880.0,18.20,17.81,18.58
885.0,18.10,17.71,18.49
890.0,18.18,17.81,18.56
895.0,18.23,17.85,18.61
900.0,18.33,17.96,18.70
905.0,18.15,17.77,18.54
910.0,18.18,17.80,18.56
915.0,18.26,17.88,18.65
920.0,18.08,17.72,18.45
925.0,17.94,17.57,18.31
930.0,18.14,17.78,18.51
935.0,18.44,18.06,18.81
940.0,18.10,17.74,18.47
945.0,18.10,17.72,18.48
950.0,18.20,17.81,18.58
955.0,18.04,17.66,18.41
960.0,18.31,17.94,18.67
965.0,18.04,17.67,18.41
970.0,18.18,17.82,18.54
975.0,18.36,17.99,18.74
980.0,18.38,17.99,18.77
985.0,18.18,17.80,18.56
990.0,18.60,18.21,18.98
995.0,18.09,17.71,18.46
1000.0,18.28,17.90,18.67
