trial,mean,ci_down,ci_up
0.0,0.00,0.00,0.00
5.0,329.50,321.71,337.30
10.0,650.29,639.91,660.68
15.0,970.00,957.06,982.94
20.0,1269.81,1255.04,1284.57
25.0,1565.14,1548.91,1581.36
30.0,1856.34,1838.50,1874.18
35.0,2140.66,2121.29,2160.03
40.0,2422.13,2401.63,2442.63
45.0,2697.54,2676.19,2718.89
50.0,2965.21,2943.42,2987.01
55.0,3229.01,3206.54,3251.48
60.0,3496.64,3472.95,3520.32
65.0,3751.82,3727.39,3776.25
70.0,4014.10,3988.80,4039.40
75.0,4267.56,4241.31,4293.80
80.0,4512.33,4485.43,4539.23
85.0,4756.86,4729.45,4784.26
90.0,5006.76,4978.71,5034.80
95.0,5255.29,5226.57,5284.01
100.0,5492.54,5463.39,5521.70
105.0,5730.66,5701.06,5760.25
110.0,5962.90,5932.43,5993.37
115.0,6190.76,6159.74,6221.79
120.0,6420.61,6389.20,6452.02
125.0,6648.70,6616.47,6680.92
130.0,6873.93,6841.08,6906.77
135.0,7102.13,7068.98,7135.28
140.0,7324.92,7291.39,7358.46
145.0,7544.73,7510.83,7578.63
150.0,7761.61,7727.35,7795.87
155.0,7975.64,7940.94,8010.35
160.0,8184.52,8149.41,8219.64
165.0,8394.24,8358.91,8429.56
170.0,8604.26,8568.88,8639.65
175.0,8809.96,8774.03,8845.89
180.0,9019.27,8983.14,9055.39
185.0,9225.15,9188.68,9261.61
190.0,9428.10,9391.06,9465.14
195.0,9634.44,9597.14,9671.74
200.0,9829.57,9792.17,9866.96
205.0,10027.39,9989.52,10065.26
210.0,10220.41,10182.24,10258.59
215.0,10415.20,10376.63,10453.78
220.0,10606.36,10567.41,10645.31
225.0,10797.11,10758.00,10836.21
230.0,10982.00,10942.52,11021.47
235.0,11169.96,11130.09,11209.82
240.0,11353.31,11313.26,11393.36
245.0,11539.20,11498.89,11579.50
250.0,11717.70,11677.13,11758.28
255.0,11900.24,11859.48,11941.01
260.0,12079.45,12038.36,12120.55
265.0,12258.57,12217.54,12299.60
270.0,12437.37,12395.85,12478.89
275.0,12613.98,12572.39,12655.57
280.0,12789.68,12747.79,12831.57
285.0,12962.24,12920.10,13004.38
290.0,13134.11,13091.85,13176.37
295.0,13302.60,13260.26,13344.93
300.0,13473.61,13431.06,13516.15
305.0,13641.39,13598.87,13683.90
310.0,13808.37,13765.85,13850.88
315.0,13971.57,13928.90,14014.25
320.0,14139.68,14097.00,14182.37
325.0,14306.70,14263.87,14349.54
330.0,14465.74,14422.57,14508.91
335.0,14627.39,14584.17,14670.61
340.0,14790.65,14747.22,14834.08
345.0,14949.35,14905.88,14992.82
350.0,15108.95,15065.32,15152.59
355.0,15266.34,15222.49,15310.19
360.0,15424.83,15380.61,15469.05
365.0,15579.12,15534.74,15623.49
370.0,15739.95,15695.24,15784.66
375.0,15895.18,15850.37,15939.98
380.0,16049.74,16004.77,16094.70
385.0,16200.37,16155.22,16245.52
390.0,16353.28,16308.01,16398.56
395.0,16508.09,16462.73,16553.45
400.0,16658.75,16613.25,16704.24
405.0,16808.63,16762.95,16854.30
410.0,16955.70,16909.94,17001.46
415.0,17103.43,17057.69,17149.18
420.0,17251.68,17205.93,17297.43
425.0,17397.58,17351.66,17443.50
430.0,17545.49,17499.33,17591.66
435.0,17693.68,17647.20,17740.17
440.0,17840.32,17793.71,17886.92
445.0,17984.77,17937.99,18031.56
450.0,18127.62,18080.61,18174.62
455.0,18273.62,18226.29,18320.96
460.0,18415.49,18368.05,18462.93
465.0,18560.39,18512.85,18607.92
470.0,18701.95,18654.35,18749.55
475.0,18843.84,18796.06,18891.62
480.0,18986.39,18938.17,19034.61
485.0,19126.04,19077.73,19174.36
490.0,19264.86,19216.29,19313.43
495.0,19407.09,19358.27,19455.90
500.0,19548.21,19499.15,19597.26
505.0,19685.71,19636.32,19735.10
510.0,19825.82,19775.98,19875.65
515.0,19966.83,19916.86,20016.81
520.0,20105.56,20055.35,20155.76
525.0,20243.20,20193.01,20293.40
530.0,20379.51,20329.12,20429.90
535.0,20515.72,20465.06,20566.38
540.0,20651.70,20600.77,20702.63
545.0,20787.59,20736.41,20838.76
550.0,20925.45,20873.97,20976.93
555.0,21062.26,21010.45,21114.08
560.0,21197.42,21145.42,21249.42
565.0,21330.62,21278.59,21382.64
570.0,21466.90,21414.77,21519.03
575.0,21597.17,21544.76,21649.59
580.0,21733.41,21681.01,21785.82
585.0,21866.40,21813.80,21919.01
590.0,21995.32,21942.79,22047.85
595.0,22131.58,22078.72,22184.44
600.0,22263.63,22210.55,22316.71
605.0,22398.87,22345.53,22452.21
610.0,22529.25,22475.82,22582.68
615.0,22662.59,22609.20,22715.99
620.0,22793.30,22739.77,22846.83
625.0,22920.87,22867.24,22974.49
630.0,23054.17,23000.41,23107.94
635.0,23184.25,23130.56,23237.95
640.0,23315.46,23261.54,23369.38
645.0,23446.20,23392.16,23500.24
650.0,23575.99,23521.79,23630.19
655.0,23707.00,23652.53,23761.48
660.0,23835.81,23781.21,23890.40
665.0,23960.53,23905.76,24015.30
670.0,24089.39,24034.57,24144.22
675.0,24216.95,24162.02,24271.88
680.0,24341.40,24286.15,24396.66
685.0,24469.63,24414.02,24525.24
690.0,24599.56,24543.71,24655.41
695.0,24728.46,24672.46,24784.46
700.0,24855.13,24798.90,24911.36
705.0,24980.76,24924.48,25037.04
710.0,25107.80,25051.57,25164.03
715.0,25233.32,25176.87,25289.77
720.0,25361.04,25304.50,25417.57
725.0,25484.73,25428.09,25541.36
730.0,25610.14,25553.37,25666.92
735.0,25733.44,25676.68,25790.19
740.0,25856.88,25800.05,25913.72
745.0,25984.20,25927.17,26041.22
750.0,26111.49,26054.33,26168.65
755.0,26238.39,26181.11,26295.66
760.0,26362.97,26305.56,26420.38
765.0,26489.27,26431.69,26546.84
770.0,26612.01,26554.26,26669.76
775.0,26738.48,26680.63,26796.33
780.0,26863.66,26805.61,26921.72
785.0,26991.52,26933.17,27049.87
790.0,27114.71,27056.15,27173.27
795.0,27237.30,27178.36,27296.24
800.0,27362.02,27302.81,27421.24
805.0,27486.90,27427.49,27546.32
810.0,27612.20,27552.73,27671.67
815.0,27738.48,27678.66,27798.30
820.0,27863.87,27803.97,27923.77
825.0,27988.33,27928.25,28048.41
830.0,28112.49,28052.39,28172.59
835.0,28234.67,28174.31,28295.03
840.0,28358.63,28298.15,28419.12
845.0,28482.11,28421.40,28542.82
850.0,28607.80,28546.81,28668.79
855.0,28731.75,28670.64,28792.86
860.0,28857.09,28795.78,28918.39
865.0,28981.43,28919.92,29042.93
870.0,29103.43,29041.89,29164.97
875.0,29227.74,29165.98,29289.50
880.0,29349.84,29287.74,29411.93
885.0,29472.63,29410.28,29534.98
890.0,29595.65,29533.16,29658.13
895.0,29714.92,29652.27,29777.57
900.0,29836.61,29773.65,29899.56
905.0,29956.01,29892.86,30019.16
910.0,30074.66,30011.35,30137.97
915.0,30195.52,30132.06,30258.98
920.0,30317.25,30253.68,30380.83
925.0,30439.19,30375.38,30502.99
930.0,30556.16,30491.95,30620.38
935.0,30677.64,30613.14,30742.14
940.0,30798.58,30733.96,30863.19
945.0,30920.52,30855.76,30985.29
950.0,31038.99,30974.15,31103.83
955.0,31157.70,31092.68,31222.73
960.0,31277.27,31211.98,31342.57
965.0,31398.55,31333.01,31464.09
970.0,31520.30,31454.46,31586.13
975.0,31639.78,31573.74,31705.83
980.0,31759.34,31693.08,31825.61
985.0,31879.07,31812.70,31945.44
990.0,32000.15,31933.76,32066.54
995.0,32118.83,32052.32,32185.35
1000.0,32240.18,32173.52,32306.84
