trial,mean,ci_down,ci_up
0.0,35.73,34.85,36.62
5.0,33.64,32.92,34.36
10.0,34.00,33.25,34.74
15.0,32.02,31.26,32.79
20.0,32.28,31.50,33.07
25.0,30.85,30.09,31.62
30.0,30.96,30.22,31.70
35.0,30.33,29.60,31.07
40.0,29.80,29.11,30.50
45.0,29.13,28.49,29.78
50.0,29.30,28.53,30.08
55.0,28.65,27.93,29.36
60.0,28.51,27.82,29.20
65.0,28.27,27.60,28.94
70.0,27.44,26.77,28.11
75.0,27.98,27.24,28.71
80.0,27.37,26.72,28.01
85.0,26.40,25.77,27.02
90.0,26.25,25.63,26.87
95.0,25.83,25.21,26.44
100.0,27.02,26.33,27.71
105.0,25.71,25.07,26.36
110.0,25.98,25.33,26.63
115.0,26.08,25.36,26.80
120.0,25.35,24.68,26.02
125.0,24.77,24.15,25.39
130.0,25.03,24.45,25.61
135.0,25.25,24.57,25.93
140.0,24.44,23.74,25.14
145.0,24.23,23.59,24.88
150.0,24.12,23.47,24.77
155.0,24.06,23.43,24.69
160.0,24.05,23.44,24.67
165.0,23.67,23.03,24.31
170.0,23.85,23.23,24.47
175.0,23.85,23.22,24.48
180.0,23.50,22.91,24.10
185.0,23.69,23.05,24.32
190.0,23.19,22.46,23.92
195.0,23.27,22.64,23.89
200.0,23.30,22.66,23.93
205.0,23.78,23.12,24.43
210.0,23.72,23.08,24.36
215.0,23.01,22.35,23.66
220.0,22.55,21.93,23.18
225.0,22.22,21.64,22.80
230.0,22.48,21.85,23.11
235.0,22.46,21.84,23.08
240.0,22.51,21.93,23.09
245.0,22.46,21.86,23.06
250.0,22.33,21.71,22.94
255.0,22.28,21.67,22.89
260.0,22.59,22.01,23.17
265.0,22.14,21.59,22.69
270.0,22.78,22.14,23.42
275.0,21.99,21.33,22.64
280.0,22.11,21.45,22.76
285.0,22.10,21.46,22.74
290.0,21.89,21.21,22.56
295.0,21.88,21.29,22.47
300.0,22.33,21.75,22.92
305.0,21.77,21.24,22.30
310.0,22.05,21.46,22.64
315.0,21.52,20.95,22.10
320.0,21.26,20.68,21.85
325.0,21.54,21.00,22.09
330.0,20.87,20.28,21.45
335.0,21.38,20.81,21.94
340.0,21.48,20.84,22.11
345.0,22.06,21.47,22.65
350.0,21.93,21.28,22.58
355.0,21.71,21.12,22.30
360.0,20.75,20.22,21.29
365.0,21.64,21.01,22.28
370.0,21.32,20.73,21.90
375.0,21.96,21.34,22.59
380.0,21.52,20.88,22.16
385.0,21.50,20.91,22.10
390.0,21.41,20.87,21.94
395.0,21.38,20.79,21.97
400.0,21.58,20.86,22.30
405.0,21.35,20.69,22.02
410.0,21.48,20.77,22.18
415.0,21.43,20.86,22.00
420.0,21.36,20.75,21.97
425.0,21.17,20.59,21.74
430.0,20.90,20.25,21.55
435.0,20.67,20.10,21.25
440.0,20.64,20.08,21.21
445.0,21.52,20.93,22.12
450.0,21.16,20.51,21.80
455.0,20.81,20.23,21.39
460.0,21.13,20.50,21.76
465.0,20.69,20.08,21.30
470.0,21.67,21.10,22.23
475.0,21.32,20.74,21.91
480.0,20.90,20.28,21.52
485.0,20.95,20.34,21.55
490.0,20.23,19.71,20.74
495.0,20.85,20.21,21.49
500.0,20.56,19.97,21.15
505.0,21.56,20.89,22.22
510.0,20.71,20.16,21.25
515.0,21.17,20.52,21.83
520.0,20.98,20.43,21.53
525.0,20.81,20.18,21.43
530.0,20.58,20.00,21.15
535.0,20.52,19.97,21.08
540.0,20.58,20.04,21.12
545.0,21.17,20.61,21.74
550.0,20.79,20.17,21.40
555.0,21.41,20.78,22.03
560.0,20.62,20.02,21.22
565.0,20.56,19.96,21.16
570.0,20.39,19.82,20.95
575.0,20.89,20.39,21.39
580.0,19.98,19.42,20.53
585.0,20.30,19.76,20.83
590.0,20.08,19.42,20.73
595.0,20.25,19.68,20.81
600.0,20.36,19.76,20.96
605.0,20.71,20.13,21.30
610.0,19.95,19.37,20.53
615.0,21.13,20.55,21.71
620.0,19.84,19.25,20.42
625.0,20.13,19.56,20.70
630.0,20.87,20.28,21.46
635.0,20.87,20.29,21.45
640.0,21.15,20.59,21.72
645.0,20.87,20.25,21.48
650.0,20.45,19.83,21.06
655.0,20.47,19.88,21.07
660.0,20.60,20.05,21.14
665.0,20.44,19.86,21.02
670.0,19.96,19.39,20.52
675.0,20.01,19.45,20.57
680.0,20.18,19.62,20.75
685.0,19.69,19.10,20.28
690.0,20.24,19.67,20.81
695.0,20.28,19.70,20.86
700.0,20.05,19.47,20.63
705.0,20.08,19.51,20.65
710.0,20.11,19.51,20.72
715.0,19.84,19.26,20.42
720.0,20.16,19.54,20.78
725.0,20.57,19.98,21.17
730.0,20.26,19.70,20.81
735.0,19.78,19.21,20.34
740.0,19.77,19.22,20.32
745.0,19.78,19.19,20.37
750.0,20.65,20.04,21.25
755.0,20.12,19.52,20.72
760.0,19.89,19.31,20.48
765.0,20.61,19.98,21.24
770.0,20.16,19.60,20.72
775.0,19.81,19.18,20.43
780.0,19.61,19.01,20.20
785.0,20.47,19.89,21.04
790.0,20.34,19.73,20.96
795.0,19.47,18.92,20.02
800.0,19.55,19.00,20.09
805.0,19.64,19.06,20.22
810.0,19.65,19.04,20.26
815.0,20.06,19.56,20.56
820.0,20.32,19.78,20.85
825.0,19.78,19.20,20.36
830.0,19.84,19.30,20.38
835.0,19.82,19.23,20.41
840.0,19.28,18.78,19.77
845.0,19.62,19.07,20.16
850.0,19.95,19.39,20.51
855.0,20.28,19.67,20.89
860.0,19.63,19.05,20.21
865.0,19.44,18.95,19.93
870.0,19.65,19.06,20.24
875.0,19.69,19.12,20.25
880.0,19.57,19.02,20.13
885.0,19.59,19.03,20.14
890.0,19.34,18.79,19.90
895.0,18.90,18.36,19.45
900.0,19.50,18.98,20.02
905.0,19.09,18.52,19.66
910.0,19.75,19.22,20.29
915.0,19.24,18.67,19.81
920.0,19.04,18.52,19.56
925.0,18.85,18.27,19.43
930.0,19.52,18.97,20.07
935.0,19.10,18.58,19.61
940.0,20.50,19.95,21.06
945.0,19.91,19.30,20.53
950.0,19.68,19.10,20.26
955.0,19.97,19.37,20.57
960.0,19.15,18.62,19.69
965.0,19.14,18.58,19.70
970.0,18.89,18.34,19.45
975.0,19.38,18.82,19.94
980.0,19.31,18.77,19.85
985.0,19.30,18.78,19.81
990.0,19.09,18.57,19.61
995.0,19.64,19.13,20.16
1000.0,19.17,18.55,19.79
