trial,mean,ci_down,ci_up
0.0,26.24,25.91,26.56
5.0,24.96,24.64,25.29
10.0,24.43,24.10,24.75
15.0,23.78,23.45,24.11
20.0,23.73,23.41,24.05
25.0,23.79,23.45,24.13
30.0,23.42,23.11,23.74
35.0,23.43,23.11,23.75
40.0,22.79,22.44,23.15
45.0,23.06,22.70,23.41
50.0,22.67,22.33,23.01
55.0,22.32,21.98,22.66
60.0,22.33,21.98,22.67
65.0,22.22,21.88,22.57
70.0,22.10,21.72,22.47
75.0,21.81,21.47,22.15
80.0,21.98,21.65,22.32
85.0,21.84,21.48,22.20
90.0,21.83,21.47,22.20
95.0,21.57,21.24,21.91
100.0,21.55,21.21,21.90
105.0,21.04,20.68,21.39
110.0,21.24,20.89,21.59
115.0,21.15,20.79,21.51
120.0,20.94,20.59,21.30
125.0,21.00,20.64,21.35
130.0,20.95,20.61,21.29
135.0,21.03,20.67,21.39
140.0,20.59,20.26,20.92
145.0,20.62,20.29,20.95
150.0,20.58,20.24,20.91
155.0,20.57,20.25,20.89
160.0,20.56,20.23,20.89
165.0,20.64,20.29,20.99
170.0,20.42,20.09,20.75
175.0,20.47,20.12,20.81
180.0,20.27,19.93,20.61
185.0,20.31,19.97,20.65
190.0,20.03,19.71,20.34
195.0,20.21,19.88,20.54
200.0,20.00,19.67,20.32
205.0,19.95,19.63,20.28
210.0,20.06,19.71,20.41
215.0,19.79,19.47,20.12
220.0,19.94,19.61,20.28
225.0,19.64,19.32,19.96
230.0,19.91,19.59,20.24
235.0,19.66,19.34,19.99
240.0,19.77,19.46,20.09
245.0,19.39,19.07,19.72
250.0,19.33,19.01,19.65
255.0,19.46,19.12,19.81
260.0,19.35,19.03,19.66
265.0,19.14,18.82,19.46
270.0,19.21,18.91,19.51
275.0,18.98,18.66,19.29
280.0,19.20,18.89,19.51
285.0,19.19,18.87,19.51
290.0,19.11,18.78,19.44
295.0,19.07,18.76,19.39
300.0,18.93,18.62,19.25
305.0,18.95,18.64,19.27
310.0,18.91,18.61,19.21
315.0,19.07,18.75,19.39
320.0,18.91,18.59,19.23
325.0,18.74,18.44,19.04
330.0,18.69,18.38,18.99
335.0,18.75,18.44,19.06
340.0,18.44,18.14,18.75
345.0,18.66,18.36,18.95
350.0,18.29,18.01,18.58
355.0,18.41,18.11,18.71
360.0,18.25,17.94,18.55
365.0,18.68,18.39,18.98
370.0,18.33,18.03,18.63
375.0,18.51,18.21,18.80
380.0,18.23,17.94,18.52
385.0,18.24,17.94,18.55
390.0,18.20,17.89,18.52
395.0,18.24,17.94,18.54
400.0,18.18,17.87,18.50
405.0,18.14,17.85,18.43
410.0,18.09,17.79,18.39
415.0,17.94,17.66,18.21
420.0,18.28,17.99,18.57
425.0,17.88,17.59,18.16
430.0,17.91,17.61,18.22
435.0,18.13,17.83,18.43
440.0,17.98,17.67,18.28
445.0,17.61,17.32,17.91
450.0,17.59,17.29,17.88
455.0,17.91,17.62,18.20
460.0,18.05,17.76,18.33
465.0,17.68,17.38,17.97
470.0,17.94,17.63,18.25
475.0,17.54,17.24,17.83
480.0,17.65,17.36,17.94
485.0,17.59,17.30,17.89
490.0,17.46,17.17,17.75
495.0,17.45,17.16,17.75
500.0,17.48,17.20,17.77
505.0,17.57,17.29,17.85
510.0,17.50,17.20,17.79
515.0,17.56,17.28,17.83
520.0,17.44,17.15,17.73
525.0,17.19,16.91,17.48
530.0,17.27,16.98,17.55
535.0,17.29,17.01,17.58
540.0,17.38,17.09,17.67
545.0,17.35,17.06,17.63
550.0,17.25,16.95,17.54
555.0,17.31,17.03,17.59
560.0,17.12,16.83,17.41
565.0,16.97,16.70,17.24
570.0,16.95,16.67,17.22
575.0,16.97,16.69,17.25
580.0,17.29,17.01,17.58
585.0,17.12,16.84,17.40
590.0,17.24,16.97,17.52
595.0,16.80,16.53,17.06
600.0,17.34,17.06,17.62
605.0,16.86,16.58,17.14
610.0,16.92,16.62,17.21
615.0,17.24,16.97,17.52
620.0,16.65,16.38,16.92
625.0,16.80,16.53,17.07
630.0,16.72,16.44,17.00
635.0,16.81,16.53,17.09
640.0,16.76,16.49,17.03
645.0,16.86,16.57,17.14
650.0,16.68,16.40,16.95
655.0,16.92,16.63,17.20
660.0,16.79,16.52,17.05
665.0,16.74,16.46,17.01
670.0,16.68,16.42,16.95
675.0,16.56,16.28,16.83
680.0,16.52,16.25,16.79
685.0,16.57,16.31,16.84
690.0,16.58,16.30,16.86
695.0,16.54,16.26,16.82
700.0,16.70,16.42,16.97
705.0,16.76,16.48,17.03
710.0,16.52,16.25,16.79
715.0,16.24,15.97,16.52
720.0,16.51,16.23,16.78
725.0,16.64,16.37,16.91
730.0,16.41,16.14,16.69
735.0,16.54,16.27,16.82
740.0,16.35,16.08,16.62
745.0,16.49,16.21,16.77
750.0,16.26,15.98,16.53
755.0,16.38,16.11,16.65
760.0,16.51,16.24,16.79
765.0,16.24,15.98,16.51
770.0,16.32,16.05,16.60
775.0,16.27,16.01,16.53
780.0,16.25,15.99,16.51
785.0,16.28,16.02,16.54
790.0,16.26,15.98,16.54
795.0,16.17,15.92,16.42
800.0,16.03,15.77,16.29
805.0,16.44,16.18,16.71
810.0,16.24,15.98,16.50
815.0,16.03,15.79,16.28
820.0,16.15,15.89,16.41
825.0,16.08,15.82,16.34
830.0,15.88,15.61,16.15
835.0,15.85,15.60,16.10
840.0,16.07,15.81,16.33
845.0,16.13,15.86,16.40
850.0,15.92,15.66,16.18
855.0,16.05,15.79,16.30
860.0,16.07,15.81,16.32
865.0,16.14,15.86,16.41
870.0,16.15,15.88,16.42
875.0,16.04,15.75,16.32
880.0,15.89,15.64,16.13
885.0,16.20,15.93,16.48
890.0,15.78,15.51,16.04
895.0,16.05,15.79,16.31
900.0,15.83,15.57,16.09
905.0,16.08,15.80,16.36
910.0,15.93,15.68,16.18
915.0,15.76,15.52,16.01
920.0,15.81,15.56,16.07
925.0,16.05,15.79,16.31
930.0,15.78,15.54,16.02
935.0,15.67,15.40,15.93
940.0,15.78,15.53,16.03
945.0,15.84,15.57,16.11
950.0,15.91,15.66,16.16
955.0,15.82,15.55,16.09
960.0,15.73,15.48,15.97
965.0,15.48,15.24,15.72
970.0,15.72,15.46,15.98
975.0,15.75,15.48,16.02
980.0,15.91,15.66,16.17
985.0,15.82,15.56,16.08
990.0,15.74,15.49,15.98
995.0,15.61,15.35,15.86
1000.0,15.82,15.57,16.08
1005.0,15.75,15.49,16.01
1010.0,15.89,15.64,16.14
1015.0,15.94,15.66,16.22
1020.0,15.47,15.22,15.72
1025.0,15.81,15.56,16.06
1030.0,15.81,15.56,16.06
1035.0,15.72,15.45,15.99
1040.0,15.74,15.48,16.00
1045.0,15.84,15.58,16.10
1050.0,15.56,15.30,15.81
1055.0,15.48,15.23,15.73
1060.0,15.48,15.24,15.73
1065.0,15.84,15.59,16.09
1070.0,15.80,15.52,16.08
1075.0,15.73,15.48,15.99
1080.0,15.79,15.55,16.04
1085.0,15.46,15.20,15.72
1090.0,15.56,15.32,15.81
1095.0,15.56,15.30,15.81
1100.0,15.69,15.44,15.94
1105.0,15.53,15.28,15.78
1110.0,15.81,15.56,16.05
1115.0,15.65,15.39,15.91
1120.0,15.44,15.20,15.69
1125.0,15.44,15.19,15.69
1130.0,15.66,15.40,15.93
1135.0,15.57,15.32,15.83
1140.0,15.67,15.42,15.91
1145.0,15.70,15.44,15.96
1150.0,15.58,15.32,15.83
1155.0,15.31,15.06,15.56
1160.0,15.62,15.36,15.88
1165.0,15.39,15.13,15.65
1170.0,15.52,15.27,15.78
1175.0,15.67,15.42,15.92
1180.0,15.75,15.49,16.01
1185.0,15.39,15.13,15.64
1190.0,15.74,15.47,16.00
1195.0,15.70,15.44,15.97
1200.0,15.65,15.41,15.89
1205.0,15.44,15.18,15.69
1210.0,15.36,15.10,15.61
1215.0,15.51,15.25,15.76
1220.0,15.52,15.26,15.79
1225.0,15.50,15.24,15.75
1230.0,15.47,15.22,15.71
1235.0,15.47,15.20,15.73
1240.0,15.39,15.14,15.64
1245.0,15.54,15.30,15.78
1250.0,15.29,15.03,15.54
1255.0,15.42,15.17,15.67
1260.0,15.22,14.98,15.46
1265.0,15.52,15.27,15.77
1270.0,15.31,15.05,15.57
1275.0,15.21,14.97,15.46
1280.0,15.48,15.23,15.72
1285.0,15.37,15.13,15.62
1290.0,15.62,15.37,15.87
1295.0,15.62,15.36,15.87
1300.0,15.45,15.19,15.70
1305.0,15.22,14.98,15.46
1310.0,15.64,15.39,15.88
1315.0,15.43,15.18,15.68
1320.0,15.41,15.19,15.64
1325.0,15.79,15.53,16.05
1330.0,15.44,15.17,15.71
1335.0,15.45,15.20,15.70
1340.0,15.41,15.15,15.66
1345.0,15.30,15.05,15.54
1350.0,15.48,15.25,15.72
1355.0,15.57,15.32,15.82
1360.0,15.51,15.25,15.76
1365.0,15.31,15.08,15.54
1370.0,15.56,15.31,15.81
1375.0,15.46,15.21,15.70
1380.0,15.29,15.06,15.53
1385.0,15.65,15.39,15.91
1390.0,15.46,15.22,15.71
1395.0,15.52,15.27,15.77
1400.0,15.51,15.24,15.77
1405.0,15.16,14.93,15.39
1410.0,15.32,15.06,15.58
1415.0,15.51,15.27,15.76
1420.0,15.30,15.06,15.54
1425.0,15.32,15.08,15.57
1430.0,15.49,15.23,15.74
1435.0,15.44,15.19,15.68
1440.0,15.50,15.25,15.74
1445.0,15.31,15.06,15.56
1450.0,15.44,15.20,15.69
1455.0,15.36,15.12,15.60
1460.0,15.24,15.00,15.47
1465.0,15.36,15.10,15.61
1470.0,15.17,14.93,15.40
1475.0,15.05,14.82,15.29
1480.0,15.33,15.08,15.58
1485.0,15.32,15.08,15.57
1490.0,15.45,15.18,15.71
1495.0,15.56,15.29,15.82
1500.0,15.34,15.08,15.59
