trial,mean,ci_down,ci_up
0.0,0.00,0.00,0.00
5.0,170.53,164.87,176.20
10.0,316.89,310.00,323.78
15.0,440.37,432.99,447.76
20.0,552.44,544.49,560.40
25.0,655.73,647.25,664.20
30.0,752.18,743.49,760.88
35.0,840.70,831.60,849.80
40.0,925.63,916.17,935.09
45.0,1009.98,999.98,1019.99
50.0,1088.44,1078.10,1098.78
55.0,1165.97,1155.07,1176.87
60.0,1241.21,1230.05,1252.37
65.0,1315.84,1304.09,1327.60
70.0,1388.99,1376.71,1401.27
75.0,1460.68,1447.84,1473.52
80.0,1531.30,1518.21,1544.39
85.0,1602.66,1588.96,1616.36
90.0,1671.04,1657.11,1684.97
95.0,1742.85,1728.55,1757.16
100.0,1809.08,1794.48,1823.69
105.0,1877.80,1862.85,1892.75
110.0,1943.43,1928.17,1958.68
115.0,2011.78,1995.96,2027.59
120.0,2077.68,2061.71,2093.64
125.0,2144.09,2127.90,2160.28
130.0,2211.27,2194.87,2227.66
135.0,2274.21,2257.66,2290.76
140.0,2340.57,2323.86,2357.28
145.0,2402.16,2385.07,2419.25
150.0,2466.25,2448.86,2483.63
155.0,2527.73,2510.14,2545.33
160.0,2592.81,2575.10,2610.51
165.0,2653.78,2635.73,2671.83
170.0,2711.51,2693.27,2729.76
175.0,2776.19,2757.45,2794.93
180.0,2837.73,2818.71,2856.76
185.0,2899.50,2880.12,2918.88
190.0,2959.32,2939.71,2978.92
195.0,3019.43,2999.54,3039.31
200.0,3078.50,3058.28,3098.73
205.0,3139.01,3118.40,3159.61
210.0,3198.98,3178.14,3219.81
215.0,3259.40,3238.32,3280.49
220.0,3315.57,3294.22,3336.93
225.0,3374.71,3353.14,3396.28
230.0,3435.87,3413.85,3457.89
235.0,3494.33,3472.10,3516.56
240.0,3550.96,3528.51,3573.42
245.0,3608.92,3586.12,3631.72
250.0,3664.97,3642.04,3687.90
255.0,3723.94,3700.70,3747.18
260.0,3779.19,3755.90,3802.48
265.0,3838.48,3814.92,3862.04
270.0,3893.84,3869.96,3917.73
275.0,3951.25,3927.00,3975.50
280.0,4006.15,3981.85,4030.45
285.0,4061.43,4036.66,4086.21
290.0,4117.57,4092.63,4142.51
295.0,4171.73,4146.58,4196.87
300.0,4226.46,4201.09,4251.83
305.0,4280.11,4254.74,4305.48
310.0,4335.55,4309.98,4361.12
315.0,4389.20,4363.29,4415.12
320.0,4443.33,4417.39,4469.28
325.0,4495.67,4469.49,4521.85
330.0,4546.42,4520.11,4572.73
335.0,4597.71,4571.20,4624.21
340.0,4649.32,4622.67,4675.97
345.0,4700.15,4673.27,4727.03
350.0,4751.87,4724.64,4779.11
355.0,4805.00,4777.81,4832.19
360.0,4856.73,4829.42,4884.04
365.0,4907.57,4880.17,4934.98
370.0,4958.00,4930.21,4985.79
375.0,5008.77,4980.85,5036.70
380.0,5060.08,5032.06,5088.11
385.0,5110.14,5081.97,5138.32
390.0,5159.67,5131.07,5188.26
395.0,5209.41,5180.82,5238.00
400.0,5259.56,5230.95,5288.17
405.0,5306.90,5278.17,5335.64
410.0,5356.01,5327.08,5384.94
415.0,5404.53,5375.53,5433.53
420.0,5452.95,5423.72,5482.18
425.0,5498.88,5469.52,5528.24
430.0,5548.44,5518.92,5577.96
435.0,5596.21,5566.59,5625.83
440.0,5645.82,5616.06,5675.58
445.0,5691.56,5661.50,5721.61
450.0,5737.95,5707.74,5768.17
455.0,5785.77,5755.49,5816.04
460.0,5831.18,5800.77,5861.60
465.0,5875.55,5845.01,5906.10
470.0,5920.58,5889.87,5951.28
475.0,5967.34,5936.50,5998.18
480.0,6013.67,5982.51,6044.84
485.0,6059.11,6027.89,6090.33
490.0,6103.94,6072.69,6135.20
495.0,6149.74,6118.42,6181.07
500.0,6195.54,6164.02,6227.05
505.0,6238.04,6206.54,6269.53
510.0,6283.61,6251.92,6315.31
515.0,6327.36,6295.48,6359.24
520.0,6371.86,6339.92,6403.80
525.0,6416.23,6384.12,6448.34
530.0,6460.15,6427.84,6492.45
535.0,6502.30,6469.88,6534.71
540.0,6547.54,6515.11,6579.98
545.0,6593.20,6560.59,6625.81
550.0,6637.10,6604.43,6669.76
555.0,6680.50,6647.63,6713.37
560.0,6724.19,6691.27,6757.12
565.0,6765.46,6732.48,6798.44
570.0,6804.85,6771.88,6837.82
575.0,6845.09,6811.89,6878.28
580.0,6886.20,6852.93,6919.47
585.0,6927.35,6894.03,6960.67
590.0,6969.98,6936.55,7003.42
595.0,7011.37,6977.76,7044.98
600.0,7051.24,7017.64,7084.85
605.0,7094.85,7061.14,7128.57
610.0,7134.64,7100.71,7168.57
615.0,7174.34,7140.30,7208.38
620.0,7215.63,7181.56,7249.69
625.0,7256.43,7222.19,7290.68
630.0,7296.05,7261.81,7330.30
635.0,7336.08,7301.78,7370.37
640.0,7375.45,7340.96,7409.93
645.0,7415.18,7380.55,7449.80
650.0,7453.94,7419.22,7488.66
655.0,7491.69,7456.73,7526.65
660.0,7529.83,7494.71,7564.96
665.0,7568.32,7533.13,7603.51
670.0,7609.04,7573.84,7644.24
675.0,7647.46,7612.17,7682.76
680.0,7685.90,7650.68,7721.13
685.0,7723.48,7688.06,7758.89
690.0,7763.17,7727.74,7798.59
695.0,7800.95,7765.60,7836.30
700.0,7837.41,7802.02,7872.79
705.0,7876.98,7841.54,7912.43
710.0,7917.14,7881.67,7952.61
715.0,7954.37,7918.73,7990.01
720.0,7991.26,7955.57,8026.94
725.0,8028.32,7992.52,8064.13
730.0,8065.38,8029.58,8101.18
735.0,8102.45,8066.54,8138.36
740.0,8138.86,8102.95,8174.77
745.0,8173.92,8137.93,8209.90
750.0,8211.65,8175.66,8247.65
755.0,8248.19,8212.02,8284.36
760.0,8285.26,8248.98,8321.55
765.0,8319.75,8283.46,8356.04
770.0,8355.22,8318.83,8391.62
775.0,8390.48,8354.03,8426.94
780.0,8426.11,8389.62,8462.61
785.0,8461.76,8425.14,8498.38
790.0,8497.66,8460.87,8534.44
795.0,8532.39,8495.49,8569.29
800.0,8567.72,8530.75,8604.69
805.0,8602.56,8565.46,8639.66
810.0,8637.07,8599.95,8674.20
815.0,8672.50,8635.26,8709.75
820.0,8708.05,8670.81,8745.28
825.0,8742.11,8704.90,8779.32
830.0,8777.13,8739.89,8814.37
835.0,8811.12,8773.89,8848.36
840.0,8844.38,8807.11,8881.66
845.0,8878.56,8841.10,8916.03
850.0,8911.82,8874.33,8949.31
855.0,8944.32,8906.74,8981.91
860.0,8977.73,8940.12,9015.35
865.0,9011.98,8974.36,9049.61
870.0,9046.14,9008.48,9083.80
875.0,9080.00,9042.28,9117.73
880.0,9113.10,9075.31,9150.88
885.0,9145.70,9107.68,9183.72
890.0,9177.63,9139.47,9215.79
895.0,9210.12,9172.01,9248.24
900.0,9243.05,9204.85,9281.25
905.0,9276.98,9238.69,9315.27
910.0,9308.91,9270.54,9347.29
915.0,9341.45,9303.02,9379.88
920.0,9374.92,9336.48,9413.36
925.0,9406.70,9368.11,9445.30
930.0,9437.91,9399.29,9476.52
935.0,9469.08,9430.40,9507.75
940.0,9500.75,9461.99,9539.51
945.0,9531.52,9492.75,9570.28
950.0,9564.07,9525.23,9602.90
955.0,9595.37,9556.50,9634.25
960.0,9627.65,9588.74,9666.55
965.0,9658.84,9619.80,9697.87
970.0,9690.49,9651.46,9729.51
975.0,9721.54,9682.37,9760.71
980.0,9752.07,9712.74,9791.39
985.0,9784.39,9745.07,9823.70
990.0,9816.00,9776.66,9855.33
995.0,9847.73,9808.19,9887.26
1000.0,9879.33,9839.83,9918.84
1005.0,9910.85,9871.34,9950.36
1010.0,9941.10,9901.57,9980.62
1015.0,9970.92,9931.38,10010.45
1020.0,10000.63,9961.00,10040.26
1025.0,10029.76,9989.94,10069.59
1030.0,10059.88,10019.92,10099.83
1035.0,10090.31,10050.31,10130.32
1040.0,10119.61,10079.62,10159.60
1045.0,10149.44,10109.44,10189.44
1050.0,10179.32,10139.30,10219.33
1055.0,10209.08,10168.97,10249.18
1060.0,10238.69,10198.62,10278.76
1065.0,10267.96,10227.82,10308.10
1070.0,10297.04,10256.74,10337.34
1075.0,10326.15,10285.80,10366.50
1080.0,10355.17,10314.79,10395.56
1085.0,10385.44,10345.04,10425.83
1090.0,10413.83,10373.45,10454.22
1095.0,10441.55,10401.16,10481.93
1100.0,10470.05,10429.61,10510.49
1105.0,10498.08,10457.52,10538.64
1110.0,10525.98,10485.36,10566.60
1115.0,10554.66,10514.03,10595.30
1120.0,10581.91,10541.22,10622.61
1125.0,10612.66,10571.92,10653.39
1130.0,10640.64,10599.83,10681.46
1135.0,10669.37,10628.52,10710.21
1140.0,10698.66,10657.72,10739.60
1145.0,10726.71,10685.63,10767.80
1150.0,10754.95,10713.77,10796.12
1155.0,10783.30,10742.09,10824.51
1160.0,10811.21,10769.92,10852.49
1165.0,10840.74,10799.40,10882.07
1170.0,10869.18,10827.81,10910.54
1175.0,10895.98,10854.45,10937.50
1180.0,10923.49,10882.04,10964.94
1185.0,10951.37,10909.97,10992.77
1190.0,10978.15,10936.62,11019.69
1195.0,11004.72,10963.26,11046.18
1200.0,11031.39,10989.88,11072.90
1205.0,11058.67,11017.11,11100.24
1210.0,11085.98,11044.43,11127.53
1215.0,11113.40,11071.80,11155.00
1220.0,11140.60,11099.11,11182.09
1225.0,11167.70,11126.22,11209.19
1230.0,11194.11,11152.55,11235.67
1235.0,11221.70,11180.04,11263.36
1240.0,11249.25,11207.51,11290.99
1245.0,11276.26,11234.46,11318.06
1250.0,11303.03,11261.20,11344.87
1255.0,11329.21,11287.39,11371.04
1260.0,11355.78,11313.99,11397.57
1265.0,11381.35,11339.54,11423.17
1270.0,11408.58,11366.66,11450.50
1275.0,11435.20,11393.29,11477.12
1280.0,11461.38,11419.58,11503.17
1285.0,11487.52,11445.72,11529.31
1290.0,11513.45,11471.61,11555.29
1295.0,11538.95,11497.08,11580.82
1300.0,11564.83,11522.88,11606.78
1305.0,11592.13,11550.13,11634.12
1310.0,11617.60,11575.58,11659.62
1315.0,11643.56,11601.44,11685.68
1320.0,11669.51,11627.30,11711.72
1325.0,11696.36,11654.14,11738.58
1330.0,11721.81,11679.54,11764.07
1335.0,11746.91,11704.64,11789.19
1340.0,11772.46,11730.09,11814.83
1345.0,11796.76,11754.32,11839.19
1350.0,11822.32,11779.91,11864.72
1355.0,11846.66,11804.23,11889.09
1360.0,11871.59,11829.11,11914.08
1365.0,11896.56,11853.96,11939.16
1370.0,11920.99,11878.37,11963.61
1375.0,11944.98,11902.20,11987.77
1380.0,11969.89,11927.12,12012.66
1385.0,11994.13,11951.37,12036.89
1390.0,12018.64,11975.86,12061.42
1395.0,12044.05,12001.24,12086.86
1400.0,12067.65,12024.73,12110.58
1405.0,12091.21,12048.20,12134.22
1410.0,12116.14,12073.16,12159.13
1415.0,12141.20,12098.15,12184.25
1420.0,12165.32,12122.13,12208.52
1425.0,12190.36,12147.12,12233.60
1430.0,12214.87,12171.51,12258.23
1435.0,12240.35,12196.95,12283.74
1440.0,12264.81,12221.42,12308.19
1445.0,12289.53,12246.02,12333.04
1450.0,12312.84,12269.34,12356.33
1455.0,12336.98,12293.42,12380.54
1460.0,12360.69,12317.05,12404.33
1465.0,12385.37,12341.66,12429.07
1470.0,12409.89,12366.11,12453.66
1475.0,12434.38,12390.58,12478.19
1480.0,12458.58,12414.65,12502.51
1485.0,12481.88,12437.97,12525.80
1490.0,12506.63,12462.66,12550.60
1495.0,12530.71,12486.65,12574.77
1500.0,12555.01,12510.86,12599.15
