trial,mean,ci_down,ci_up
0.0,26.18,25.90,26.46
5.0,25.85,25.56,26.14
10.0,25.44,25.16,25.71
15.0,25.55,25.27,25.83
20.0,25.28,25.00,25.55
25.0,25.53,25.24,25.81
30.0,25.65,25.38,25.93
35.0,25.60,25.33,25.87
40.0,25.67,25.39,25.95
45.0,25.52,25.24,25.81
50.0,25.46,25.18,25.74
55.0,24.98,24.72,25.25
60.0,25.06,24.79,25.33
65.0,25.64,25.38,25.91
70.0,25.39,25.12,25.66
75.0,25.20,24.92,25.47
80.0,25.41,25.15,25.68
85.0,25.45,25.17,25.72
90.0,25.26,24.99,25.53
95.0,25.91,25.62,26.20
100.0,25.39,25.11,25.67
105.0,25.52,25.25,25.79
110.0,25.36,25.08,25.65
115.0,25.38,25.10,25.66
120.0,25.33,25.06,25.60
125.0,25.56,25.29,25.83
130.0,25.54,25.27,25.82
135.0,25.16,24.89,25.43
140.0,25.61,25.33,25.89
145.0,25.29,25.02,25.57
150.0,25.44,25.15,25.74
155.0,25.25,24.97,25.52
160.0,25.09,24.82,25.36
165.0,25.46,25.18,25.74
170.0,25.47,25.20,25.73
175.0,25.43,25.15,25.71
180.0,25.15,24.87,25.42
185.0,25.26,24.98,25.55
190.0,25.27,25.00,25.54
195.0,25.50,25.21,25.78
200.0,25.48,25.20,25.77
205.0,25.36,25.09,25.62
210.0,25.58,25.29,25.86
215.0,25.41,25.14,25.68
220.0,25.62,25.34,25.90
225.0,25.42,25.14,25.71
230.0,25.32,25.04,25.60
235.0,25.64,25.37,25.91
240.0,25.52,25.24,25.81
245.0,24.97,24.70,25.25
250.0,25.22,24.95,25.49
255.0,25.42,25.14,25.71
260.0,25.34,25.07,25.61
265.0,25.51,25.25,25.77
270.0,25.48,25.20,25.77
275.0,25.36,25.08,25.64
280.0,25.71,25.44,25.98
285.0,25.27,25.00,25.55
290.0,25.28,25.00,25.57
295.0,25.42,25.15,25.70
300.0,25.48,25.20,25.76
305.0,25.22,24.93,25.52
310.0,25.45,25.17,25.73
315.0,25.27,24.99,25.55
320.0,25.12,24.85,25.40
325.0,25.38,25.10,25.67
330.0,25.19,24.91,25.47
335.0,25.44,25.17,25.70
340.0,25.51,25.24,25.79
345.0,25.16,24.88,25.43
350.0,25.58,25.30,25.86
355.0,25.15,24.86,25.43
360.0,25.66,25.38,25.93
365.0,25.54,25.25,25.83
370.0,25.22,24.95,25.48
375.0,25.37,25.10,25.64
380.0,25.44,25.16,25.72
385.0,25.49,25.22,25.77
390.0,25.37,25.08,25.65
395.0,25.50,25.22,25.77
400.0,25.40,25.11,25.69
405.0,25.52,25.22,25.81
410.0,25.25,24.96,25.54
415.0,25.54,25.26,25.82
420.0,25.10,24.82,25.38
425.0,25.32,25.05,25.59
430.0,25.32,25.03,25.61
435.0,25.26,24.99,25.54
440.0,25.13,24.85,25.41
445.0,25.31,25.03,25.59
450.0,25.58,25.30,25.87
455.0,25.16,24.88,25.44
460.0,25.16,24.89,25.44
465.0,25.29,25.03,25.55
470.0,25.80,25.53,26.08
475.0,25.19,24.92,25.46
480.0,25.12,24.85,25.40
485.0,25.45,25.18,25.72
490.0,25.45,25.18,25.73
495.0,25.46,25.19,25.74
500.0,25.58,25.30,25.85
505.0,25.46,25.19,25.73
510.0,25.29,25.01,25.57
515.0,25.23,24.93,25.52
520.0,25.10,24.84,25.36
525.0,25.42,25.15,25.68
530.0,25.78,25.51,26.04
535.0,25.44,25.16,25.71
540.0,25.43,25.15,25.72
545.0,25.40,25.13,25.68
550.0,25.30,25.02,25.58
555.0,25.61,25.34,25.88
560.0,25.47,25.21,25.74
565.0,25.60,25.33,25.87
570.0,25.54,25.26,25.82
575.0,25.11,24.83,25.38
580.0,25.55,25.27,25.84
585.0,25.27,25.00,25.54
590.0,25.15,24.88,25.42
595.0,25.35,25.08,25.61
600.0,25.48,25.20,25.75
605.0,25.50,25.23,25.77
610.0,25.39,25.11,25.67
615.0,25.19,24.91,25.46
620.0,25.33,25.06,25.60
625.0,25.25,24.98,25.53
630.0,25.14,24.86,25.42
635.0,25.38,25.10,25.65
640.0,25.21,24.94,25.49
645.0,25.28,25.01,25.56
650.0,25.10,24.83,25.37
655.0,25.40,25.13,25.68
660.0,25.30,25.02,25.57
665.0,25.34,25.06,25.62
670.0,25.06,24.80,25.33
675.0,25.34,25.06,25.63
680.0,25.31,25.03,25.58
685.0,25.24,24.96,25.51
690.0,25.54,25.26,25.81
695.0,25.09,24.82,25.36
700.0,25.67,25.39,25.95
705.0,25.39,25.12,25.65
710.0,25.23,24.97,25.50
715.0,25.31,25.02,25.60
720.0,25.50,25.22,25.78
725.0,25.44,25.16,25.72
730.0,25.38,25.11,25.65
735.0,25.24,24.97,25.51
740.0,25.46,25.20,25.73
745.0,25.07,24.79,25.35
750.0,25.44,25.15,25.72
755.0,25.27,25.01,25.53
760.0,25.18,24.91,25.44
765.0,25.44,25.17,25.71
770.0,25.41,25.14,25.68
775.0,25.46,25.20,25.73
780.0,25.46,25.18,25.74
785.0,25.39,25.11,25.68
790.0,25.25,24.98,25.53
795.0,25.64,25.37,25.91
800.0,25.21,24.93,25.49
805.0,25.52,25.24,25.79
810.0,25.18,24.91,25.45
815.0,25.53,25.26,25.80
820.0,25.26,24.97,25.56
825.0,24.98,24.70,25.26
830.0,25.06,24.78,25.34
835.0,25.37,25.10,25.64
840.0,25.53,25.27,25.80
845.0,25.31,25.04,25.58
850.0,25.47,25.21,25.74
855.0,25.46,25.19,25.74
860.0,25.44,25.18,25.71
865.0,25.40,25.12,25.68
870.0,25.31,25.03,25.59
875.0,25.56,25.28,25.84
880.0,25.20,24.92,25.47
885.0,25.53,25.25,25.80
890.0,25.35,25.09,25.62
895.0,25.48,25.21,25.75
900.0,25.33,25.05,25.62
905.0,25.27,24.98,25.57
910.0,25.24,24.96,25.53
915.0,25.22,24.94,25.50
920.0,25.29,25.01,25.58
925.0,25.70,25.42,25.97
930.0,25.37,25.10,25.64
935.0,25.39,25.11,25.67
940.0,25.14,24.88,25.40
945.0,25.26,24.98,25.54
950.0,25.39,25.10,25.68
955.0,25.43,25.15,25.71
960.0,25.43,25.16,25.70
965.0,25.36,25.09,25.63
970.0,25.10,24.82,25.38
975.0,25.27,25.00,25.53
980.0,25.56,25.29,25.84
985.0,25.44,25.17,25.71
990.0,25.18,24.90,25.46
995.0,25.33,25.07,25.59
1000.0,25.24,24.97,25.52
1005.0,25.63,25.35,25.90
1010.0,25.25,24.98,25.52
1015.0,25.78,25.50,26.06
1020.0,25.32,25.05,25.58
1025.0,25.57,25.29,25.85
1030.0,25.59,25.31,25.88
1035.0,25.45,25.17,25.72
1040.0,25.39,25.11,25.66
1045.0,25.41,25.15,25.68
1050.0,25.35,25.07,25.63
1055.0,25.43,25.15,25.71
1060.0,25.02,24.75,25.29
1065.0,25.79,25.51,26.07
1070.0,25.28,25.00,25.56
1075.0,25.42,25.15,25.69
1080.0,25.30,25.03,25.57
1085.0,25.56,25.29,25.84
1090.0,25.56,25.28,25.83
1095.0,25.33,25.05,25.61
1100.0,25.67,25.40,25.95
1105.0,25.34,25.06,25.61
1110.0,25.20,24.93,25.47
1115.0,25.56,25.28,25.84
1120.0,25.44,25.18,25.70
1125.0,25.34,25.05,25.62
1130.0,25.42,25.13,25.70
1135.0,25.12,24.83,25.40
1140.0,25.47,25.19,25.74
1145.0,25.68,25.40,25.96
1150.0,25.64,25.36,25.92
1155.0,25.48,25.20,25.76
1160.0,24.92,24.66,25.18
1165.0,25.16,24.88,25.44
1170.0,25.48,25.20,25.76
1175.0,25.47,25.19,25.75
1180.0,25.20,24.93,25.47
1185.0,25.40,25.13,25.67
1190.0,25.42,25.13,25.70
1195.0,25.39,25.11,25.67
1200.0,25.35,25.07,25.62
1205.0,25.23,24.94,25.51
1210.0,25.49,25.21,25.76
1215.0,25.02,24.74,25.30
1220.0,25.83,25.55,26.12
1225.0,25.43,25.16,25.70
1230.0,25.31,25.02,25.60
1235.0,25.53,25.24,25.81
1240.0,25.51,25.24,25.79
1245.0,25.50,25.21,25.78
1250.0,25.50,25.22,25.78
1255.0,25.39,25.13,25.66
1260.0,25.40,25.12,25.68
1265.0,25.44,25.16,25.72
1270.0,25.41,25.14,25.68
1275.0,25.30,25.04,25.57
1280.0,25.21,24.93,25.49
1285.0,25.37,25.08,25.65
1290.0,25.36,25.09,25.63
1295.0,25.68,25.41,25.95
1300.0,25.23,24.94,25.52
1305.0,25.11,24.83,25.39
1310.0,25.25,24.98,25.52
1315.0,25.54,25.27,25.82
1320.0,25.81,25.53,26.10
1325.0,25.34,25.06,25.62
1330.0,25.72,25.43,26.01
1335.0,25.22,24.95,25.50
1340.0,25.44,25.17,25.71
1345.0,25.63,25.36,25.91
1350.0,25.53,25.25,25.80
1355.0,25.40,25.13,25.68
1360.0,25.36,25.09,25.62
1365.0,25.09,24.81,25.37
1370.0,25.50,25.23,25.77
1375.0,25.51,25.23,25.79
1380.0,25.55,25.25,25.84
1385.0,25.46,25.18,25.74
1390.0,25.19,24.91,25.47
1395.0,25.50,25.23,25.77
1400.0,25.24,24.96,25.51
1405.0,25.67,25.40,25.95
1410.0,25.15,24.87,25.43
1415.0,25.36,25.08,25.64
1420.0,25.40,25.12,25.68
1425.0,25.32,25.03,25.60
1430.0,25.35,25.07,25.64
1435.0,25.52,25.24,25.81
1440.0,25.23,24.96,25.50
1445.0,25.16,24.88,25.44
1450.0,25.25,24.97,25.52
1455.0,25.13,24.85,25.40
1460.0,25.53,25.26,25.81
1465.0,25.70,25.42,25.97
1470.0,25.11,24.84,25.39
1475.0,25.30,25.03,25.57
1480.0,25.25,24.97,25.53
1485.0,25.08,24.80,25.36
1490.0,25.57,25.29,25.84
1495.0,25.25,24.96,25.53
1500.0,25.47,25.21,25.74
